4.549502999999999631e+00 2.039771000000000001e+00 1.000000000000000000e+00
3.616741999999999901e+00 5.936887999999999721e+00 1.000000000000000000e+00
3.596594000000000069e+00 2.855966000000000005e+00 1.000000000000000000e+00
4.549629519999999729e+02 6.212960999999999956e+00 1.000000000000000000e+00
4.489315000000000389e+00 5.100323999999999636e+00 1.000000000000000000e+00
6.906379389999999603e+02 4.795041999999999582e+00 1.000000000000000000e+00
4.769745000000000346e+00 3.252496999999999971e+00 1.000000000000000000e+00
3.919658000000000087e+00 1.522726000000000024e+00 1.000000000000000000e+00
1.238822265999999900e+03 5.563026999999999944e+00 1.000000000000000000e+00
3.357956999999999859e+00 1.791314999999999991e+00 1.000000000000000000e+00
6.304752200000000357e+02 4.772193999999999825e+00 1.000000000000000000e+00
2.552670439999999985e+02 4.445832000000000228e+00 1.000000000000000000e+00
2.156439359999999965e+02 3.116159999999999819e+00 1.000000000000000000e+00
7.508999000000000201e+00 4.340250000000000163e+00 1.000000000000000000e+00
9.065157470000000330e+02 5.945592999999999684e+00 1.000000000000000000e+00
5.044951000000000185e+00 2.916214000000000084e+00 1.000000000000000000e+00
5.726586000000000176e+00 9.033858999999999639e+00 1.000000000000000000e+00
1.301555500000000087e+01 3.988033999999999857e+00 1.000000000000000000e+00
8.409734999999999516e+00 3.771955000000000169e+00 1.000000000000000000e+00
5.583512999999999948e+00 7.949902999999999942e+00 1.000000000000000000e+00
8.259936519999999973e+02 4.878104000000000440e+00 1.000000000000000000e+00
3.554529000000000050e+00 4.383674000000000071e+00 1.000000000000000000e+00
6.325738000000000305e+00 5.169650999999999996e+00 1.000000000000000000e+00
1.287650299999999959e+02 3.373305999999999916e+00 1.000000000000000000e+00
8.611099199999999598e+01 3.144715999999999845e+00 1.000000000000000000e+00
1.354830169999999896e+02 3.963576999999999906e+00 1.000000000000000000e+00
1.224639499999999970e+01 1.538531000000000093e+00 1.000000000000000000e+00
2.676797363000000132e+03 6.928397999999999612e+00 1.000000000000000000e+00
5.904651999999999568e+00 6.093836999999999726e+00 1.000000000000000000e+00
7.676542000000000421e+00 3.667346999999999912e+00 1.000000000000000000e+00
1.082506714000000102e+03 5.702888999999999875e+00 1.000000000000000000e+00
7.847648999999999653e+00 4.848539999999999850e+00 1.000000000000000000e+00
5.636019290000000410e+02 5.147714999999999819e+00 1.000000000000000000e+00
2.360884399999999914e+02 3.688674999999999926e+00 1.000000000000000000e+00
3.004884277000000111e+03 8.063620000000000232e+00 1.000000000000000000e+00
3.147817399999999921e+01 7.220360000000000111e-01 1.000000000000000000e+00
1.929314999999999891e+00 4.647973000000000354e+00 1.000000000000000000e+00
5.370759890000000496e+02 4.596540000000000070e+00 1.000000000000000000e+00
7.620985110000000304e+02 6.577702999999999633e+00 1.000000000000000000e+00
3.427973020000000020e+02 4.601346999999999632e+00 1.000000000000000000e+00
6.512252200000000357e+02 5.990077000000000318e+00 1.000000000000000000e+00
5.728373000000000381e+00 4.179993999999999765e+00 1.000000000000000000e+00
4.902192000000000327e+00 2.451367999999999991e+00 1.000000000000000000e+00
6.482116999999999685e+00 5.961822999999999873e+00 1.000000000000000000e+00
6.535358999999999696e+00 4.442482000000000042e+00 1.000000000000000000e+00
1.270148599999999917e+01 2.179931999999999981e+00 1.000000000000000000e+00
2.416178280000000029e+02 5.204197999999999880e+00 1.000000000000000000e+00
4.738763999999999754e+00 5.780838000000000143e+00 1.000000000000000000e+00
6.022207640000000310e+02 5.414171999999999763e+00 1.000000000000000000e+00
9.095571899999999914e+02 8.131009999999999849e+00 1.000000000000000000e+00
1.694307129000000032e+03 8.496745000000000658e+00 1.000000000000000000e+00
5.469490999999999659e+00 7.918079999999999563e-01 1.000000000000000000e+00
6.834570000000000256e+00 3.541596000000000188e+00 1.000000000000000000e+00
1.123282226999999921e+03 6.171666000000000096e+00 1.000000000000000000e+00
4.798578000000000010e+00 4.099205999999999683e+00 1.000000000000000000e+00
4.133697999999999873e+00 6.639090000000000380e+00 1.000000000000000000e+00
4.841524999999999856e+00 1.103984000000000076e+00 1.000000000000000000e+00
3.068406370000000152e+02 3.609846999999999806e+00 1.000000000000000000e+00
2.297570949999999925e+02 3.241553999999999824e+00 1.000000000000000000e+00
8.824549899999999525e+01 1.677659000000000011e+00 1.000000000000000000e+00
8.532608639999999696e+02 5.088252999999999915e+00 1.000000000000000000e+00
6.832206419999999980e+02 5.624984999999999680e+00 1.000000000000000000e+00
7.528714599999999564e+02 7.324508999999999936e+00 1.000000000000000000e+00
3.813848999999999823e+00 5.894960000000000200e-01 1.000000000000000000e+00
8.265815999999999164e+00 5.910566000000000209e+00 1.000000000000000000e+00
7.717626000000000097e+00 9.079040000000000443e-01 1.000000000000000000e+00
1.973865234000000100e+03 7.042798999999999587e+00 1.000000000000000000e+00
1.338803249999999991e+02 2.848116999999999788e+00 1.000000000000000000e+00
7.648106080000000020e+02 5.995504999999999640e+00 1.000000000000000000e+00
5.484866000000000241e+00 3.121710999999999903e+00 1.000000000000000000e+00
2.669190370000000030e+02 4.539820999999999884e+00 1.000000000000000000e+00
9.386691280000000006e+02 6.251843000000000039e+00 1.000000000000000000e+00
5.008891000000000204e+00 5.366896999999999807e+00 1.000000000000000000e+00
3.838334960000000251e+02 5.739014000000000060e+00 1.000000000000000000e+00
1.127374512000000095e+03 6.837210999999999927e+00 1.000000000000000000e+00
9.991244000000000014e+00 3.707349999999999923e+00 1.000000000000000000e+00
9.802329099999999471e+02 7.280039000000000371e+00 1.000000000000000000e+00
4.235050049999999828e+02 5.551105999999999874e+00 1.000000000000000000e+00
1.946450499999999977e+02 3.451728000000000129e+00 1.000000000000000000e+00
3.985210270000000037e+02 4.388959999999999972e+00 1.000000000000000000e+00
9.461326900000000251e+02 5.822675000000000267e+00 1.000000000000000000e+00
6.062337000000000309e+00 2.902099000000000206e+00 1.000000000000000000e+00
1.911901611000000003e+03 5.974766999999999939e+00 1.000000000000000000e+00
2.537634000000000167e+00 3.620080000000000187e+00 1.000000000000000000e+00
1.267767199999999939e+01 3.841210999999999931e+00 1.000000000000000000e+00
2.499377440000000092e+02 3.403815999999999953e+00 1.000000000000000000e+00
7.055652600000000518e+01 1.876533000000000007e+00 1.000000000000000000e+00
7.607852200000000664e+01 4.666706999999999717e+00 1.000000000000000000e+00
7.295578000000000429e+02 3.992656000000000205e+00 1.000000000000000000e+00
8.656539920000000166e+02 6.781513999999999598e+00 1.000000000000000000e+00
2.464171139999999980e+02 3.223510000000000097e+00 1.000000000000000000e+00
6.487022999999999762e+00 4.388969999999999594e+00 1.000000000000000000e+00
4.359562999999999633e+00 4.382272999999999641e+00 1.000000000000000000e+00
1.295433105000000069e+03 8.136240000000000805e+00 1.000000000000000000e+00
4.769194949999999835e+02 4.367357000000000156e+00 1.000000000000000000e+00
3.682585499999999712e+01 5.377313000000000009e+00 1.000000000000000000e+00
1.316077899999999978e+01 4.103879000000000055e+00 1.000000000000000000e+00
1.472352000000000061e+01 4.078948999999999714e+00 1.000000000000000000e+00
7.352128999999999692e+00 4.978074000000000332e+00 1.000000000000000000e+00
8.401139000000000578e+00 5.797638000000000069e+00 1.000000000000000000e+00
6.114870610000000397e+02 4.881414999999999615e+00 1.000000000000000000e+00
5.934795000000000265e+00 3.481371999999999911e+00 1.000000000000000000e+00
4.050955510000000004e+02 6.410858000000000168e+00 1.000000000000000000e+00
8.997610999999999137e+00 1.872616999999999976e+00 1.000000000000000000e+00
6.861176000000000386e+00 2.298662000000000205e+00 1.000000000000000000e+00
1.988096309999999960e+02 2.507127000000000105e+00 1.000000000000000000e+00
4.997480999999999618e+00 3.339220000000000077e+00 1.000000000000000000e+00
2.508518369999999891e+02 2.812380000000000102e+00 1.000000000000000000e+00
1.120560424999999896e+03 7.039736999999999689e+00 1.000000000000000000e+00
2.498201139999999896e+02 3.687717999999999829e+00 1.000000000000000000e+00
1.204320000000000057e+00 1.679357999999999906e+00 1.000000000000000000e+00
9.852019649999999729e+02 5.757274999999999920e+00 1.000000000000000000e+00
1.230190918000000011e+03 6.494735999999999621e+00 1.000000000000000000e+00
1.461585448999999926e+03 7.114925000000000388e+00 1.000000000000000000e+00
7.618435999999999986e+00 4.702821000000000140e+00 1.000000000000000000e+00
5.246459999999999901e+00 6.767090999999999745e+00 1.000000000000000000e+00
1.392429399999999973e+01 2.622805000000000053e+00 1.000000000000000000e+00
8.310317989999999782e+02 6.193681999999999910e+00 1.000000000000000000e+00
5.677147999999999861e+00 7.064822000000000379e+00 1.000000000000000000e+00
5.792397459999999683e+02 5.764636000000000315e+00 1.000000000000000000e+00
2.191383000000000081e+00 4.343785999999999703e+00 1.000000000000000000e+00
6.921063840000000482e+02 4.251829999999999998e+00 1.000000000000000000e+00
5.475947999999999816e+00 2.985288999999999859e+00 1.000000000000000000e+00
7.289734000000000158e+00 4.780397999999999925e+00 1.000000000000000000e+00
6.471673580000000356e+02 6.100831999999999589e+00 1.000000000000000000e+00
6.470468900000000190e+01 1.163809000000000093e+00 1.000000000000000000e+00
6.351618039999999610e+02 4.985841999999999885e+00 1.000000000000000000e+00
6.936175500000000227e+01 6.416549999999999754e-01 1.000000000000000000e+00
4.710126999999999953e+00 3.082854000000000205e+00 1.000000000000000000e+00
6.354172360000000026e+02 5.033285000000000231e+00 1.000000000000000000e+00
9.269488000000000838e+00 5.626399000000000150e+00 1.000000000000000000e+00
8.737416990000000396e+02 6.408746999999999971e+00 1.000000000000000000e+00
9.570842290000000503e+02 6.533979999999999677e+00 1.000000000000000000e+00
6.680774539999999888e+02 5.831420999999999744e+00 1.000000000000000000e+00
1.204320000000000057e+00 1.679357999999999906e+00 1.000000000000000000e+00
8.140399999999999636e+00 2.857641000000000098e+00 1.000000000000000000e+00
4.813890999999999920e+00 4.205918999999999741e+00 1.000000000000000000e+00
4.015986999999999973e+00 6.566140000000000310e-01 1.000000000000000000e+00
8.115879800000000444e+01 4.485560999999999687e+00 1.000000000000000000e+00
4.953023680000000013e+02 4.133981000000000350e+00 1.000000000000000000e+00
9.424819949999999835e+02 5.195801999999999587e+00 1.000000000000000000e+00
2.321311279000000013e+03 7.404310999999999865e+00 1.000000000000000000e+00
5.752759000000000178e+00 2.150328000000000017e+00 1.000000000000000000e+00
2.987420000000000186e+00 3.977914999999999868e+00 1.000000000000000000e+00
5.192032000000000203e+00 3.319614000000000065e+00 1.000000000000000000e+00
8.765480000000000160e+00 2.728384999999999838e+00 1.000000000000000000e+00
1.159530409999999989e+02 2.537811000000000039e+00 1.000000000000000000e+00
2.586546631000000161e+03 5.306505999999999723e+00 1.000000000000000000e+00
4.574638000000000204e+00 3.332146999999999970e+00 1.000000000000000000e+00
1.242053300000000071e+01 3.382486000000000104e+00 1.000000000000000000e+00
5.249539999999999651e+00 3.006423999999999985e+00 1.000000000000000000e+00
2.675528560000000198e+02 4.902483000000000146e+00 1.000000000000000000e+00
1.057625960000000021e+02 5.911756999999999707e+00 1.000000000000000000e+00
2.952754883000000063e+03 8.128393000000000868e+00 1.000000000000000000e+00
6.540299000000000085e+00 3.665767000000000220e+00 1.000000000000000000e+00
2.674573999999999785e+00 3.085590999999999973e+00 1.000000000000000000e+00
1.955248299999999873e+01 3.691488000000000103e+00 1.000000000000000000e+00
9.577218020000000251e+02 7.162554000000000087e+00 1.000000000000000000e+00
7.733766000000000140e+00 5.477936999999999834e+00 1.000000000000000000e+00
7.241848000000000063e+00 5.772336000000000134e+00 1.000000000000000000e+00
6.057967999999999797e+00 4.150858000000000381e+00 1.000000000000000000e+00
9.507533000000000456e+00 5.091092999999999869e+00 1.000000000000000000e+00
1.240336182000000008e+03 6.935205999999999982e+00 1.000000000000000000e+00
6.681610000000000049e+00 5.303109000000000073e+00 1.000000000000000000e+00
9.248654999999999404e+00 2.242761999999999922e+00 1.000000000000000000e+00
6.360299000000000369e+00 3.959210999999999814e+00 1.000000000000000000e+00
3.167229310000000169e+02 5.959004000000000190e+00 1.000000000000000000e+00
6.678758000000000195e+00 2.104785999999999824e+00 1.000000000000000000e+00
6.377996999999999694e+00 4.378890000000000171e+00 1.000000000000000000e+00
1.031856299999999926e+01 8.978150000000000297e-01 1.000000000000000000e+00
6.585232000000000419e+00 4.350566999999999851e+00 1.000000000000000000e+00
8.046725000000000350e+00 4.036712999999999774e+00 1.000000000000000000e+00
6.012854610000000548e+02 4.016226999999999769e+00 1.000000000000000000e+00
6.708683999999999870e+00 3.463750000000000107e+00 1.000000000000000000e+00
3.373121340000000146e+02 5.556314000000000419e+00 1.000000000000000000e+00
7.885698849999999993e+02 3.526829000000000214e+00 1.000000000000000000e+00
8.086755369999999630e+02 5.688717999999999719e+00 1.000000000000000000e+00
8.468123000000000289e+00 2.029193999999999942e+00 1.000000000000000000e+00
5.129685060000000476e+02 4.886364000000000374e+00 1.000000000000000000e+00
5.691182000000000407e+00 1.538270999999999944e+00 1.000000000000000000e+00
1.032682739000000083e+03 6.725367999999999569e+00 1.000000000000000000e+00
4.999680999999999820e+00 2.785111999999999810e+00 1.000000000000000000e+00
7.928035889999999881e+02 4.457000999999999991e+00 1.000000000000000000e+00
2.109655000000000058e+00 5.079512000000000249e+00 1.000000000000000000e+00
5.398621581999999762e+03 8.022040999999999755e+00 1.000000000000000000e+00
2.565490479000000050e+03 7.493522999999999712e+00 1.000000000000000000e+00
7.998275800000000402e+01 1.942064000000000012e+00 1.000000000000000000e+00
4.625371700000000033e+02 4.975957000000000185e+00 1.000000000000000000e+00
1.982509919999999966e+02 4.982147000000000325e+00 1.000000000000000000e+00
6.773102599999999995e+01 1.337237999999999927e+00 1.000000000000000000e+00
9.024387000000000825e+00 3.516404999999999781e+00 1.000000000000000000e+00
3.644876000000000005e+00 2.145798000000000094e+00 1.000000000000000000e+00
4.970320000000000071e+00 3.195411000000000001e+00 1.000000000000000000e+00
7.517144000000000048e+00 3.178751000000000104e+00 1.000000000000000000e+00
2.252933500000000038e+02 3.504558999999999980e+00 1.000000000000000000e+00
2.373577579999999898e+02 3.611013999999999946e+00 1.000000000000000000e+00
1.064971436000000040e+03 5.928627999999999787e+00 1.000000000000000000e+00
3.839625550000000089e+02 4.851657000000000330e+00 1.000000000000000000e+00
5.444556999999999647e+00 4.129286999999999708e+00 1.000000000000000000e+00
6.669798580000000356e+02 7.667733000000000132e+00 1.000000000000000000e+00
6.314123999999999626e+00 6.074610999999999983e+00 1.000000000000000000e+00
7.104892999999999681e+00 4.572038000000000046e+00 1.000000000000000000e+00
1.676173340000000053e+03 5.680221999999999660e+00 1.000000000000000000e+00
9.627527999999999864e+00 3.158481000000000094e+00 1.000000000000000000e+00
3.218297999999999881e+00 1.193826999999999972e+00 1.000000000000000000e+00
6.307803999999999967e+00 2.600970999999999922e+00 1.000000000000000000e+00
1.950179442999999992e+03 6.806893999999999778e+00 1.000000000000000000e+00
1.129531371999999919e+03 4.250070000000000014e+00 1.000000000000000000e+00
2.934612500000000068e+01 3.784727000000000174e+00 1.000000000000000000e+00
5.032538999999999874e+00 1.585428000000000059e+00 1.000000000000000000e+00
7.992988000000000426e+00 4.430056999999999690e+00 1.000000000000000000e+00
1.422660199999999975e+01 2.854394000000000098e+00 1.000000000000000000e+00
5.157403560000000198e+02 6.597273000000000387e+00 1.000000000000000000e+00
3.662872919999999795e+02 5.404613000000000334e+00 1.000000000000000000e+00
3.836942440000000261e+02 5.122517000000000209e+00 1.000000000000000000e+00
7.529753000000000362e+00 2.859275999999999929e+00 1.000000000000000000e+00
7.701253999999999600e+00 3.792494000000000032e+00 1.000000000000000000e+00
4.699220000000000397e+00 2.968420000000000059e+00 1.000000000000000000e+00
9.555399780000000192e+02 5.190995000000000026e+00 1.000000000000000000e+00
6.988596000000000252e+00 7.448749999999999538e-01 1.000000000000000000e+00
4.553647999999999918e+00 3.037726999999999844e+00 1.000000000000000000e+00
3.021041748000000098e+03 7.377328000000000330e+00 1.000000000000000000e+00
1.193992700000000085e+01 3.279641999999999946e+00 1.000000000000000000e+00
7.561435000000000350e+00 5.119199000000000055e+00 1.000000000000000000e+00
1.086829000000000001e+01 3.252409999999999801e+00 1.000000000000000000e+00
6.099370000000000402e+00 7.888397999999999577e+00 1.000000000000000000e+00
5.764288330000000542e+02 6.111029000000000266e+00 1.000000000000000000e+00
5.368214000000000041e+00 1.993077999999999905e+00 1.000000000000000000e+00
7.072330000000000005e+00 4.984674000000000049e+00 1.000000000000000000e+00
6.548515000000000086e+00 3.583483000000000196e+00 1.000000000000000000e+00
3.584068599999999947e+02 4.414652000000000243e+00 1.000000000000000000e+00
2.878394779999999855e+02 4.358533000000000435e+00 1.000000000000000000e+00
2.000313476999999921e+03 7.398967999999999989e+00 1.000000000000000000e+00
2.223216250000000116e+02 5.328547999999999618e+00 1.000000000000000000e+00
3.028557000000000166e+00 3.405550999999999995e+00 1.000000000000000000e+00
4.004920000000000258e+00 6.960802000000000156e+00 1.000000000000000000e+00
1.644878999999999962e+02 2.574422999999999906e+00 1.000000000000000000e+00
3.013500000000000068e+00 5.373656000000000432e+00 1.000000000000000000e+00
6.467467000000000077e+00 4.540091999999999572e+00 1.000000000000000000e+00
5.895039999999999836e+00 5.929759999999999476e-01 1.000000000000000000e+00
1.279926500000000011e+01 2.303659000000000123e+00 1.000000000000000000e+00
7.382994800000000168e+01 2.996361999999999970e+00 1.000000000000000000e+00
6.417244000000000170e+00 4.085338000000000136e+00 1.000000000000000000e+00
5.690801390000000310e+02 4.210037999999999947e+00 1.000000000000000000e+00
5.778737999999999708e+00 3.750808000000000142e+00 1.000000000000000000e+00
3.226239320000000248e+02 2.826811000000000185e+00 1.000000000000000000e+00
1.111932982999999922e+03 4.671745999999999732e+00 1.000000000000000000e+00
7.112873540000000503e+02 3.780997999999999859e+00 1.000000000000000000e+00
4.057693999999999690e+00 3.623257000000000172e+00 1.000000000000000000e+00
3.177865999999999858e+00 6.429281999999999719e+00 1.000000000000000000e+00
4.757589000000000290e+00 2.682104999999999961e+00 1.000000000000000000e+00
7.489970999999999712e+00 7.216402999999999679e+00 1.000000000000000000e+00
7.382706999999999908e+00 5.227916999999999703e+00 1.000000000000000000e+00
1.596502899999999947e+01 6.318990999999999580e+00 1.000000000000000000e+00
6.479119869999999537e+02 6.730648999999999660e+00 1.000000000000000000e+00
3.705191000000000123e+00 7.976650000000000240e+00 1.000000000000000000e+00
6.835697999999999830e+00 4.177125000000000199e+00 1.000000000000000000e+00
1.158076499999999953e+01 7.306289999999999729e-01 1.000000000000000000e+00
7.270254000000000438e+00 6.490255000000000329e+00 1.000000000000000000e+00
6.192883000000000138e+00 5.612980000000000302e+00 1.000000000000000000e+00
1.898643000000000081e+00 6.722025000000000361e+00 1.000000000000000000e+00
4.265549000000000035e+00 3.417997000000000174e+00 1.000000000000000000e+00
7.966441999999999801e+00 7.209154999999999980e+00 1.000000000000000000e+00
4.889052429999999845e+02 3.294219000000000008e+00 1.000000000000000000e+00
7.168775000000000119e+00 4.524143999999999721e+00 1.000000000000000000e+00
5.878702999999999790e+00 6.510161000000000087e+00 1.000000000000000000e+00
1.349751200000000040e+01 4.120756000000000085e+00 1.000000000000000000e+00
5.208657999999999788e+00 3.321982000000000212e+00 1.000000000000000000e+00
1.076890137000000095e+03 5.746959999999999624e+00 1.000000000000000000e+00
2.274686739999999929e+02 2.440348000000000184e+00 1.000000000000000000e+00
7.439107669999999644e+02 4.996703000000000117e+00 1.000000000000000000e+00
1.508630126999999902e+03 6.317026000000000252e+00 1.000000000000000000e+00
3.372646480000000224e+02 4.079326000000000008e+00 1.000000000000000000e+00
7.064899999999999736e+00 1.618389000000000078e+00 1.000000000000000000e+00
4.830523380000000202e+02 4.458707000000000420e+00 1.000000000000000000e+00
2.113328856999999971e+03 8.147837000000000884e+00 1.000000000000000000e+00
5.597855400000000259e+01 1.379780999999999924e+00 1.000000000000000000e+00
1.587271400000000021e+01 3.327074999999999783e+00 1.000000000000000000e+00
8.765556030000000192e+02 6.188257000000000119e+00 1.000000000000000000e+00
1.345521606000000020e+03 7.404501999999999917e+00 1.000000000000000000e+00
5.090119999999999756e+00 2.868081000000000103e+00 1.000000000000000000e+00
5.099766999999999939e+00 2.324624000000000024e+00 1.000000000000000000e+00
2.566466797000000042e+03 7.633680000000000021e+00 1.000000000000000000e+00
8.775054320000000416e+02 4.268250000000000099e+00 1.000000000000000000e+00
1.773847899999999981e+03 6.559007000000000254e+00 1.000000000000000000e+00
2.373577579999999898e+02 3.611013999999999946e+00 1.000000000000000000e+00
5.393061000000000327e+00 4.331739999999999924e+00 1.000000000000000000e+00
3.607060000000000155e+00 2.506984999999999797e+00 1.000000000000000000e+00
8.097158999999999551e+00 3.160566999999999904e+00 1.000000000000000000e+00
1.001049899999999937e+01 5.950617000000000267e+00 1.000000000000000000e+00
3.450209000000000081e+00 3.955146000000000051e+00 1.000000000000000000e+00
7.727231999999999879e+00 1.805147000000000057e+00 1.000000000000000000e+00
6.871799000000000213e+00 6.026065000000000005e+00 1.000000000000000000e+00
5.957288819999999987e+02 5.438953999999999844e+00 1.000000000000000000e+00
7.852482000000000184e+00 5.346992000000000189e+00 1.000000000000000000e+00
1.390241999999999933e+01 3.650507999999999864e+00 1.000000000000000000e+00
5.825542999999999694e+00 8.084317000000000419e+00 1.000000000000000000e+00
6.944523000000000224e+00 4.421650999999999776e+00 1.000000000000000000e+00
1.836717407000000094e+03 7.701633000000000173e+00 1.000000000000000000e+00
6.753452000000000233e+00 7.484889999999999599e-01 1.000000000000000000e+00
4.763195999999999763e+00 6.670764000000000138e+00 1.000000000000000000e+00
9.712009999999999366e+00 6.031452999999999953e+00 1.000000000000000000e+00
2.284297029999999893e+02 2.472405000000000186e+00 1.000000000000000000e+00
4.111239929999999845e+02 5.233928999999999832e+00 1.000000000000000000e+00
7.290956000000000437e+00 5.946609999999999951e-01 1.000000000000000000e+00
5.081355000000000288e+00 6.158852999999999689e+00 1.000000000000000000e+00
-0.000000000000000000e+00 3.425893999999999995e+00 1.000000000000000000e+00
7.774070000000000036e+00 2.084611000000000214e+00 1.000000000000000000e+00
4.359841609999999719e+02 6.170980000000000132e+00 1.000000000000000000e+00
6.766967000000000176e+00 4.252750999999999948e+00 1.000000000000000000e+00
2.786055907999999818e+03 7.349770999999999610e+00 1.000000000000000000e+00
4.810063999999999673e+00 7.034092000000000233e+00 1.000000000000000000e+00
4.189191589999999792e+02 5.131940000000000168e+00 1.000000000000000000e+00
5.103288000000000046e+00 2.111070999999999920e+00 1.000000000000000000e+00
7.171842999999999968e+00 1.999592999999999954e+00 1.000000000000000000e+00
8.618504030000000284e+02 6.793245999999999896e+00 1.000000000000000000e+00
7.194856999999999836e+00 1.713133999999999935e+00 1.000000000000000000e+00
7.211045000000000371e+00 5.802564000000000277e+00 1.000000000000000000e+00
6.811997999999999998e+00 8.432990000000000208e-01 1.000000000000000000e+00
5.208469399999999894e+01 9.124200000000000088e-01 1.000000000000000000e+00
1.039851439999999911e+03 7.533553000000000388e+00 1.000000000000000000e+00
1.898759033000000045e+03 7.514924999999999855e+00 1.000000000000000000e+00
2.424982449999999972e+02 3.588252999999999915e+00 1.000000000000000000e+00
8.885831299999999828e+02 6.850450000000000372e+00 1.000000000000000000e+00
4.618463000000000207e+00 8.829139999999999766e-01 1.000000000000000000e+00
2.924297000000000146e+00 7.415718000000000032e+00 1.000000000000000000e+00
6.468817999999999735e+00 3.481991999999999976e+00 1.000000000000000000e+00
4.594230039999999917e+02 5.731880000000000308e+00 1.000000000000000000e+00
4.863057000000000407e+00 7.969730000000000425e-01 1.000000000000000000e+00
6.414620000000000211e+00 5.209863999999999606e+00 1.000000000000000000e+00
1.468756100000000053e+01 2.294389999999999930e+00 1.000000000000000000e+00
3.782691350000000057e+02 2.634525000000000006e+00 1.000000000000000000e+00
1.036849499999999935e+01 3.123206000000000149e+00 1.000000000000000000e+00
5.305495999999999768e+00 4.640138000000000318e+00 1.000000000000000000e+00
2.861601999999999979e+00 4.195886999999999922e+00 1.000000000000000000e+00
3.627852999999999994e+00 6.700719000000000314e+00 1.000000000000000000e+00
1.383024902000000111e+03 5.692148000000000430e+00 1.000000000000000000e+00
7.032221070000000509e+02 4.613075000000000259e+00 1.000000000000000000e+00
7.408606999999999942e+00 2.140083000000000180e+00 1.000000000000000000e+00
5.614355470000000423e+02 3.816047999999999885e+00 1.000000000000000000e+00
1.997411742999999888e+03 7.681815000000000282e+00 1.000000000000000000e+00
6.431192000000000242e+00 1.968199000000000032e+00 1.000000000000000000e+00
5.659193000000000140e+00 5.913496999999999559e+00 1.000000000000000000e+00
1.444560800000000000e+01 3.370989999999999931e+00 1.000000000000000000e+00
1.606286000000000103e+00 5.740769999999999484e-01 1.000000000000000000e+00
6.578399000000000107e+00 2.815844999999999931e+00 1.000000000000000000e+00
4.341748959999999897e+02 3.409470999999999918e+00 1.000000000000000000e+00
6.377996999999999694e+00 4.378890000000000171e+00 1.000000000000000000e+00
5.818750999999999785e+00 4.300720000000000098e+00 1.000000000000000000e+00
4.125579220000000191e+02 5.130808000000000035e+00 1.000000000000000000e+00
8.640261839999999438e+02 6.886796000000000362e+00 1.000000000000000000e+00
3.150124210000000176e+02 4.141515000000000057e+00 1.000000000000000000e+00
6.001037000000000177e+00 4.538759999999999906e+00 1.000000000000000000e+00
5.186511999999999567e+00 7.213902000000000037e+00 1.000000000000000000e+00
1.308461199999999991e+01 2.735234999999999861e+00 1.000000000000000000e+00
1.657916504000000032e+03 6.845132000000000438e+00 1.000000000000000000e+00
2.284987060999999812e+03 7.550315999999999583e+00 1.000000000000000000e+00
5.451821290000000317e+02 4.684968999999999717e+00 1.000000000000000000e+00
2.942601999999999940e+00 4.421520000000000117e+00 1.000000000000000000e+00
7.817801000000000222e+00 3.143928999999999974e+00 1.000000000000000000e+00
1.016441499999999962e+02 7.044639999999999791e-01 1.000000000000000000e+00
9.606446000000000041e+00 4.816308000000000256e+00 1.000000000000000000e+00
1.330012820000000033e+02 4.905035999999999952e+00 1.000000000000000000e+00
4.142625120000000152e+02 4.363812000000000246e+00 1.000000000000000000e+00
7.468568729999999505e+02 6.236619000000000135e+00 1.000000000000000000e+00
3.933020940000000110e+02 2.827294999999999892e+00 1.000000000000000000e+00
4.016143999999999714e+00 2.201140999999999792e+00 1.000000000000000000e+00
9.041313480000000027e+02 5.046069000000000138e+00 1.000000000000000000e+00
6.327155999999999558e+00 5.833210000000000228e+00 1.000000000000000000e+00
5.268481000000000414e+00 8.381014000000000408e+00 1.000000000000000000e+00
4.005085000000000228e+00 3.038723000000000063e+00 1.000000000000000000e+00
6.088757000000000197e+00 6.668077000000000254e+00 1.000000000000000000e+00
1.063382689999999911e+03 6.864018999999999870e+00 1.000000000000000000e+00
3.425687560000000076e+02 7.407067999999999763e+00 1.000000000000000000e+00
6.635203860000000304e+02 3.016668999999999823e+00 1.000000000000000000e+00
3.731213989999999967e+02 3.586482000000000170e+00 1.000000000000000000e+00
4.243513000000000090e+00 5.259356000000000364e+00 1.000000000000000000e+00
3.380741879999999924e+02 4.718823000000000434e+00 1.000000000000000000e+00
8.650107420000000502e+02 5.121184000000000403e+00 1.000000000000000000e+00
6.941400999999999932e+00 4.727485999999999855e+00 1.000000000000000000e+00
9.450197140000000218e+02 7.379903999999999797e+00 1.000000000000000000e+00
1.395461060000000089e+03 6.387494000000000227e+00 1.000000000000000000e+00
9.186168999999999585e+00 1.490672999999999915e+00 1.000000000000000000e+00
3.219843000000000011e+00 3.785194999999999865e+00 1.000000000000000000e+00
6.662018999999999913e+00 6.557633000000000045e+00 1.000000000000000000e+00
1.289203246999999919e+03 7.128368000000000038e+00 1.000000000000000000e+00
1.092825000000000024e+01 5.113640000000000185e+00 1.000000000000000000e+00
2.434816590000000076e+02 3.679340999999999973e+00 1.000000000000000000e+00
9.006177499999999725e+01 7.185070000000000068e-01 1.000000000000000000e+00
1.343921264999999948e+03 5.714758999999999922e+00 1.000000000000000000e+00
6.111652830000000449e+02 5.678592000000000084e+00 1.000000000000000000e+00
2.174311519999999973e+02 3.848043000000000102e+00 1.000000000000000000e+00
1.751377075000000104e+03 8.412501000000000673e+00 1.000000000000000000e+00
1.230880800000000086e+01 1.746520999999999990e+00 1.000000000000000000e+00
1.273915160999999898e+03 6.858794999999999753e+00 1.000000000000000000e+00
5.652865600000000086e+02 3.999099000000000181e+00 1.000000000000000000e+00
1.337025879000000032e+03 6.522681000000000395e+00 1.000000000000000000e+00
5.521963999999999650e+00 2.315989000000000075e+00 1.000000000000000000e+00
1.910212279999999964e+03 8.288213000000000719e+00 1.000000000000000000e+00
5.652218000000000409e+00 5.245822999999999681e+00 1.000000000000000000e+00
7.194856999999999836e+00 1.713133999999999935e+00 1.000000000000000000e+00
5.754666000000000281e+00 4.461354000000000042e+00 1.000000000000000000e+00
1.162866698999999926e+03 5.044144000000000183e+00 1.000000000000000000e+00
7.551938999999999957e+00 2.748295999999999850e+00 1.000000000000000000e+00
8.819247440000000324e+02 5.410357999999999556e+00 1.000000000000000000e+00
3.845577000000000023e+00 4.006906999999999996e+00 1.000000000000000000e+00
8.043884000000000256e+00 4.612281000000000297e+00 1.000000000000000000e+00
7.007701419999999644e+02 4.979261000000000159e+00 1.000000000000000000e+00
7.206614000000000075e+00 8.595212000000000074e+00 1.000000000000000000e+00
2.811929199000000153e+03 8.756852999999999554e+00 1.000000000000000000e+00
1.168175293000000011e+03 6.899816999999999645e+00 1.000000000000000000e+00
5.324481200000000172e+02 5.860807999999999574e+00 1.000000000000000000e+00
9.352493000000000833e+00 2.972379000000000104e+00 1.000000000000000000e+00
4.637939450000000079e+02 5.209368999999999694e+00 1.000000000000000000e+00
7.035454999999999792e+00 2.792117000000000182e+00 1.000000000000000000e+00
2.734684999999999810e+00 7.888111000000000317e+00 1.000000000000000000e+00
4.301599999999999646e+00 2.987308000000000074e+00 1.000000000000000000e+00
3.262176000000000187e+00 6.761096000000000217e+00 1.000000000000000000e+00
7.723041379999999663e+02 3.602352999999999916e+00 1.000000000000000000e+00
2.535346000000000100e+00 3.475112000000000201e+00 1.000000000000000000e+00
3.640484999999999971e+00 5.504345999999999961e+00 1.000000000000000000e+00
8.817828369999999722e+02 7.122600000000000264e+00 1.000000000000000000e+00
6.943637700000000450e+02 5.472152000000000349e+00 1.000000000000000000e+00
2.862776999999999905e+00 2.766389999999999905e+00 1.000000000000000000e+00
6.989483639999999696e+02 5.578725999999999630e+00 1.000000000000000000e+00
1.589126000000000083e+01 3.132452999999999932e+00 1.000000000000000000e+00
8.014587999999999823e+00 3.519800000000000040e+00 1.000000000000000000e+00
1.390011841000000004e+03 5.636953000000000102e+00 1.000000000000000000e+00
1.056805339999999944e+02 3.446184999999999832e+00 1.000000000000000000e+00
2.588248600000000010e+02 3.663910000000000000e+00 1.000000000000000000e+00
9.332045000000000812e+00 4.899727000000000388e+00 1.000000000000000000e+00
2.715549560999999812e+03 7.388819999999999943e+00 1.000000000000000000e+00
2.059240570000000048e+02 1.772585999999999995e+00 1.000000000000000000e+00
5.329163000000000316e+00 8.186915000000000830e+00 1.000000000000000000e+00
7.059709999999999930e+00 4.559071000000000318e+00 1.000000000000000000e+00
2.698875999999999831e+00 6.162720000000000420e-01 1.000000000000000000e+00
6.741657709999999497e+02 6.026343999999999923e+00 1.000000000000000000e+00
5.800702000000000247e+00 3.121103999999999878e+00 1.000000000000000000e+00
9.525637799999999800e+01 2.787376000000000076e+00 1.000000000000000000e+00
7.347514999999999574e+00 3.221400000000000041e+00 1.000000000000000000e+00
9.721237790000000132e+02 6.165316999999999936e+00 1.000000000000000000e+00
1.894768066000000090e+03 6.058456999999999759e+00 1.000000000000000000e+00
8.478563699999999415e+01 6.101619999999999822e-01 1.000000000000000000e+00
1.040167160000000024e+02 1.370128999999999930e+00 1.000000000000000000e+00
9.415175169999999980e+02 6.900712000000000401e+00 1.000000000000000000e+00
1.182330100000000073e+01 3.706383000000000205e+00 1.000000000000000000e+00
4.486317440000000261e+02 4.633053999999999562e+00 1.000000000000000000e+00
2.617836000000000052e+00 6.384376999999999747e+00 1.000000000000000000e+00
8.162758000000000180e+00 4.829779000000000266e+00 1.000000000000000000e+00
1.085434203999999909e+03 7.184047999999999767e+00 1.000000000000000000e+00
5.974353999999999942e+00 4.501539000000000179e+00 1.000000000000000000e+00
1.371578370000000007e+02 2.986159999999999926e+00 1.000000000000000000e+00
1.017879790000000071e+02 1.735149999999999970e+00 1.000000000000000000e+00
7.983622999999999692e+00 4.760214000000000389e+00 1.000000000000000000e+00
1.381692749000000049e+03 6.223620999999999626e+00 1.000000000000000000e+00
8.375272000000000716e+00 5.245592000000000255e+00 1.000000000000000000e+00
4.193182980000000271e+02 5.384676999999999936e+00 1.000000000000000000e+00
5.600024000000000335e+00 6.582911000000000179e+00 1.000000000000000000e+00
1.407016199999999984e+01 5.327765000000000306e+00 1.000000000000000000e+00
1.761663599999999974e+01 3.359052000000000149e+00 1.000000000000000000e+00
1.270159057999999959e+03 6.770618999999999943e+00 1.000000000000000000e+00
1.621038059999999916e+02 3.466756000000000171e+00 1.000000000000000000e+00
7.339324000000000403e+00 5.563480000000000203e+00 1.000000000000000000e+00
1.535937400000000075e+01 2.681413000000000046e+00 1.000000000000000000e+00
4.259269999999999889e+00 5.145552000000000348e+00 1.000000000000000000e+00
3.853876709000000119e+03 8.041973000000000482e+00 1.000000000000000000e+00
1.493431400000000053e+02 2.729210999999999832e+00 1.000000000000000000e+00
3.422817999999999916e+00 5.725708000000000020e+00 1.000000000000000000e+00
1.026733887000000095e+03 3.931707999999999981e+00 1.000000000000000000e+00
6.565783700000000067e+01 2.201400000000000023e+00 1.000000000000000000e+00
3.950956999999999830e+00 2.707647000000000137e+00 1.000000000000000000e+00
3.531214999999999993e+00 3.888333999999999957e+00 1.000000000000000000e+00
1.813493190000000084e+02 1.831788999999999890e+00 1.000000000000000000e+00
6.030827999999999633e+00 3.580191000000000123e+00 1.000000000000000000e+00
2.968819270000000188e+02 4.287827000000000055e+00 1.000000000000000000e+00
7.512366000000000099e+00 1.535592999999999986e+00 1.000000000000000000e+00
6.876524999999999999e+00 2.861492000000000147e+00 1.000000000000000000e+00
7.932648999999999617e+00 3.470975999999999839e+00 1.000000000000000000e+00
1.218950072999999975e+03 6.151698999999999806e+00 1.000000000000000000e+00
8.485997000000000412e+01 2.103069000000000077e+00 1.000000000000000000e+00
1.645351410000000101e+02 4.426034999999999719e+00 1.000000000000000000e+00
4.464521999999999657e+00 6.042962000000000167e+00 1.000000000000000000e+00
3.461056000000000132e+00 8.865837000000000856e+00 1.000000000000000000e+00
2.988284999999999858e+00 1.027895999999999921e+00 1.000000000000000000e+00
9.792275200000000268e+01 7.153049999999999686e-01 1.000000000000000000e+00
9.752470700000000079e+02 8.003365999999999758e+00 1.000000000000000000e+00
8.087761999999999674e+00 3.449057999999999957e+00 1.000000000000000000e+00
1.896278563999999960e+03 5.640608000000000288e+00 1.000000000000000000e+00
5.409271000000000384e+00 6.741971000000000380e+00 1.000000000000000000e+00
7.025945000000000107e+00 3.983006000000000046e+00 1.000000000000000000e+00
5.903636999999999802e+00 7.027624000000000315e+00 1.000000000000000000e+00
2.785922850000000039e+02 3.435928000000000093e+00 1.000000000000000000e+00
7.412385999999999697e+00 5.207169999999999632e+00 1.000000000000000000e+00
7.817945559999999432e+02 5.916426000000000407e+00 1.000000000000000000e+00
1.013720215000000053e+03 6.694004999999999761e+00 1.000000000000000000e+00
8.319224850000000515e+02 5.624012999999999707e+00 1.000000000000000000e+00
6.769294999999999618e+00 4.080778999999999712e+00 1.000000000000000000e+00
2.858769530000000145e+02 5.464764999999999873e+00 1.000000000000000000e+00
5.884309000000000012e+00 4.138777000000000150e+00 1.000000000000000000e+00
6.615991000000000177e+00 1.921167999999999987e+00 1.000000000000000000e+00
2.727400819999999726e+02 3.859650999999999943e+00 1.000000000000000000e+00
1.607716800000000035e+01 2.712852999999999959e+00 1.000000000000000000e+00
1.429936646000000110e+03 7.075168999999999819e+00 1.000000000000000000e+00
7.912409000000000248e+00 6.997245999999999633e+00 1.000000000000000000e+00
8.421207000000000775e+00 6.508971999999999980e+00 1.000000000000000000e+00
1.095899535999999898e+03 4.301941000000000237e+00 1.000000000000000000e+00
4.452850000000000108e+01 1.899048999999999987e+00 1.000000000000000000e+00
7.483280999999999850e+00 4.974184000000000161e+00 1.000000000000000000e+00
1.606178711000000021e+03 4.460958999999999897e+00 1.000000000000000000e+00
3.790440999999999949e+00 1.411364999999999981e+00 1.000000000000000000e+00
9.774497679999999491e+02 6.266124999999999723e+00 1.000000000000000000e+00
9.381085000000000562e+00 3.257582000000000200e+00 1.000000000000000000e+00
5.484866000000000241e+00 3.121710999999999903e+00 1.000000000000000000e+00
4.387803339999999821e+02 5.051472999999999658e+00 1.000000000000000000e+00
9.470935670000000073e+02 5.397840999999999667e+00 1.000000000000000000e+00
1.257347200000000065e+01 3.064653999999999989e+00 1.000000000000000000e+00
1.074469360000000052e+03 7.133844999999999992e+00 1.000000000000000000e+00
4.819082950000000096e+02 5.391089000000000020e+00 1.000000000000000000e+00
8.103937999999999420e+00 3.365959999999999841e+00 1.000000000000000000e+00
1.348986499999999999e+01 1.919235999999999942e+00 1.000000000000000000e+00
7.395037999999999556e+00 2.918933000000000000e+00 1.000000000000000000e+00
3.772896999999999945e+00 4.273012999999999728e+00 1.000000000000000000e+00
1.066956599999999966e+01 4.911908999999999637e+00 1.000000000000000000e+00
1.453296699999999930e+01 3.289988999999999830e+00 1.000000000000000000e+00
3.371611000000000136e+00 7.045118999999999687e+00 1.000000000000000000e+00
2.255492675999999847e+03 6.086782000000000359e+00 1.000000000000000000e+00
3.279815999999999843e+00 5.222178999999999682e+00 1.000000000000000000e+00
4.945654000000000217e+00 4.949741999999999642e+00 1.000000000000000000e+00
7.339712999999999710e+00 4.685654999999999681e+00 1.000000000000000000e+00
2.673910000000000053e+01 7.397160000000000402e-01 1.000000000000000000e+00
4.330673830000000066e+02 4.910166000000000253e+00 1.000000000000000000e+00
6.475833999999999868e+00 4.576342000000000354e+00 1.000000000000000000e+00
8.764970700000000079e+02 5.632184999999999775e+00 1.000000000000000000e+00
9.435836999999999364e+00 3.150354999999999794e+00 1.000000000000000000e+00
6.721308999999999756e+00 4.740929999999999644e+00 1.000000000000000000e+00
5.884608000000000061e+00 3.266188999999999787e+00 1.000000000000000000e+00
6.993563840000000482e+02 3.775024000000000157e+00 1.000000000000000000e+00
1.091364899999999949e+02 2.561859000000000108e+00 1.000000000000000000e+00
1.901496730000000071e+02 5.075517999999999752e+00 1.000000000000000000e+00
6.465413999999999994e+00 3.670710999999999835e+00 1.000000000000000000e+00
4.683244000000000185e+00 6.012258000000000102e+00 1.000000000000000000e+00
4.583394043000000238e+03 9.128883999999999332e+00 1.000000000000000000e+00
1.040446000000000026e+01 1.809639999999999915e+00 1.000000000000000000e+00
5.772706299999999828e+02 6.463192000000000270e+00 1.000000000000000000e+00
5.580529000000000295e+00 3.098154000000000075e+00 1.000000000000000000e+00
1.478660521999999901e+03 6.847900000000000098e+00 1.000000000000000000e+00
3.945942689999999970e+02 3.390146000000000104e+00 1.000000000000000000e+00
6.968927609999999504e+02 6.113686000000000398e+00 1.000000000000000000e+00
5.092910769999999729e+02 6.176498999999999739e+00 1.000000000000000000e+00
3.315367000000000175e+00 3.806271000000000182e+00 1.000000000000000000e+00
5.332048999999999594e+00 4.650544000000000011e+00 1.000000000000000000e+00
5.412881469999999808e+02 2.056966000000000072e+00 1.000000000000000000e+00
0.000000000000000000e+00 4.660607999999999862e+00 1.000000000000000000e+00
5.614537999999999585e+00 4.407839000000000063e+00 1.000000000000000000e+00
5.969095000000000262e+00 2.294166999999999845e+00 1.000000000000000000e+00
1.112413899999999956e+01 4.056840000000000224e+00 1.000000000000000000e+00
1.363916382000000112e+03 7.059180999999999706e+00 1.000000000000000000e+00
1.019606899999999960e+01 3.153108000000000022e+00 1.000000000000000000e+00
9.429143070000000080e+02 7.636979000000000184e+00 1.000000000000000000e+00
2.849935609999999997e+02 6.048593999999999582e+00 1.000000000000000000e+00
7.679039000000000392e+00 7.761139999999999706e-01 1.000000000000000000e+00
5.080342284999999720e+03 9.717836999999999392e+00 1.000000000000000000e+00
3.901091000000000122e+02 3.205614000000000186e+00 1.000000000000000000e+00
1.579672899999999913e+01 3.421982999999999997e+00 1.000000000000000000e+00
6.263546999999999976e+00 2.383574999999999999e+00 1.000000000000000000e+00
1.929195400000000049e+01 1.763123999999999914e+00 1.000000000000000000e+00
7.301344000000000278e+00 4.019250999999999685e+00 1.000000000000000000e+00
6.900858000000000381e+00 3.198385000000000034e+00 1.000000000000000000e+00
2.319068300000000136e+02 3.685128999999999877e+00 1.000000000000000000e+00
1.565438999999999936e+01 1.977710000000000079e+00 1.000000000000000000e+00
1.136648437999999942e+03 8.495281999999999556e+00 1.000000000000000000e+00
7.864158330000000205e+02 5.352922000000000402e+00 1.000000000000000000e+00
3.737124019999999973e+02 5.042970999999999648e+00 1.000000000000000000e+00
1.139472400000000007e+01 3.955048999999999815e+00 1.000000000000000000e+00
1.191158599999999979e+01 1.840365000000000029e+00 1.000000000000000000e+00
7.651113279999999577e+02 6.133544999999999803e+00 1.000000000000000000e+00
8.101121829999999591e+02 6.177088000000000356e+00 1.000000000000000000e+00
0.000000000000000000e+00 0.000000000000000000e+00 1.000000000000000000e+00
8.507101000000000468e+00 5.303669000000000189e+00 1.000000000000000000e+00
7.298174000000000383e+00 5.575654000000000110e+00 1.000000000000000000e+00
9.471590000000000842e+00 4.026934999999999931e+00 1.000000000000000000e+00
5.861063999999999830e+00 1.273697000000000079e+00 1.000000000000000000e+00
2.360058349999999791e+03 8.212111999999999412e+00 1.000000000000000000e+00
1.079222412000000077e+03 5.807802999999999827e+00 1.000000000000000000e+00
1.898677490000000034e+03 5.427033999999999914e+00 1.000000000000000000e+00
6.368706999999999674e+00 1.884587000000000012e+00 1.000000000000000000e+00
3.245114750000000186e+02 2.376757000000000009e+00 1.000000000000000000e+00
5.994480000000000253e+00 1.308095000000000008e+00 1.000000000000000000e+00
6.932388999999999690e+00 2.347894999999999843e+00 1.000000000000000000e+00
9.054662999999999684e+00 4.873236999999999597e+00 1.000000000000000000e+00
7.070954000000000406e+00 1.444903000000000048e+00 1.000000000000000000e+00
5.804262999999999728e+00 2.097337000000000007e+00 1.000000000000000000e+00
8.092326659999999947e+02 5.722312999999999761e+00 1.000000000000000000e+00
2.592254639999999881e+02 3.240664000000000211e+00 1.000000000000000000e+00
8.871867999999999199e+00 7.153463999999999601e+00 1.000000000000000000e+00
9.797477000000000658e+01 1.444652000000000047e+00 1.000000000000000000e+00
5.451634000000000313e+00 3.353025999999999840e+00 1.000000000000000000e+00
7.670955199999999650e+02 5.306695000000000384e+00 1.000000000000000000e+00
4.771243590000000268e+02 2.597933999999999966e+00 1.000000000000000000e+00
5.010745539999999778e+02 3.597736999999999963e+00 1.000000000000000000e+00
1.572490080000000034e+02 5.514508000000000187e+00 1.000000000000000000e+00
2.359600829999999974e+02 3.305124000000000173e+00 1.000000000000000000e+00
5.785357000000000305e+00 6.202619999999999578e+00 1.000000000000000000e+00
5.650224999999999831e+00 4.386805999999999983e+00 1.000000000000000000e+00
3.824341064000000188e+03 8.603773999999999589e+00 1.000000000000000000e+00
9.875064000000000064e+00 2.703777999999999793e+00 1.000000000000000000e+00
8.944498290000000225e+02 5.362478000000000300e+00 1.000000000000000000e+00
4.849063000000000123e+00 1.674824000000000090e+00 1.000000000000000000e+00
5.246812000000000253e+00 6.322703999999999880e+00 1.000000000000000000e+00
2.697913817999999992e+03 7.080367999999999995e+00 1.000000000000000000e+00
4.683244000000000185e+00 6.012258000000000102e+00 1.000000000000000000e+00
6.455195999999999934e+00 3.065678000000000125e+00 1.000000000000000000e+00
1.019314574999999991e+03 6.173498999999999626e+00 1.000000000000000000e+00
5.102339999999999876e+00 6.041870000000000296e+00 1.000000000000000000e+00
2.055125270000000057e+02 4.416140999999999650e+00 1.000000000000000000e+00
2.737040709999999990e+02 4.511427000000000298e+00 1.000000000000000000e+00
7.530793000000000070e+00 4.218276000000000359e+00 1.000000000000000000e+00
7.091351929999999584e+02 5.096826000000000079e+00 1.000000000000000000e+00
5.535968999999999696e+00 1.195513000000000048e+00 1.000000000000000000e+00
7.057326659999999947e+02 4.710206000000000337e+00 1.000000000000000000e+00
3.001872999999999791e+00 4.793228000000000044e+00 1.000000000000000000e+00
1.490747069999999894e+03 6.309331000000000245e+00 1.000000000000000000e+00
5.789525760000000218e+02 6.429725000000000357e+00 1.000000000000000000e+00
6.792921999999999905e+00 5.168544999999999945e+00 1.000000000000000000e+00
4.765727000000000046e+00 1.939402999999999988e+00 1.000000000000000000e+00
3.676118000000000219e+00 5.736475999999999686e+00 1.000000000000000000e+00
4.620078000000000351e+00 5.113734000000000002e+00 1.000000000000000000e+00
4.877519000000000382e+00 4.701469999999999594e+00 1.000000000000000000e+00
7.596067999999999820e+00 5.252336999999999811e+00 1.000000000000000000e+00
5.051383999999999652e+00 7.331058999999999770e+00 1.000000000000000000e+00
7.620985110000000304e+02 6.577702999999999633e+00 1.000000000000000000e+00
3.370451999999999781e+00 3.141912000000000038e+00 1.000000000000000000e+00
1.993299560000000099e+02 3.190516000000000130e+00 1.000000000000000000e+00
6.547958000000000389e+00 6.443672000000000288e+00 1.000000000000000000e+00
9.584769290000000410e+02 7.258239999999999803e+00 1.000000000000000000e+00
7.250612000000000279e+00 5.322456999999999994e+00 1.000000000000000000e+00
6.352819000000000216e+00 1.277355999999999936e+00 1.000000000000000000e+00
9.480629999999999669e+00 4.607121000000000244e+00 1.000000000000000000e+00
5.809817500000000337e+02 4.457057999999999964e+00 1.000000000000000000e+00
9.066027999999999309e+00 7.513969999999999594e+00 1.000000000000000000e+00
8.804178000000000281e+00 3.190618999999999872e+00 1.000000000000000000e+00
3.208931395999999950e+03 9.167369000000000767e+00 1.000000000000000000e+00
3.549835999999999991e+00 4.713829999999999742e+00 1.000000000000000000e+00
8.282985999999999294e+00 3.040008999999999961e+00 1.000000000000000000e+00
1.597224854000000050e+03 6.307587999999999973e+00 1.000000000000000000e+00
3.996017999999999848e+00 3.738545999999999925e+00 1.000000000000000000e+00
4.196463009999999940e+02 6.630417999999999701e+00 1.000000000000000000e+00
6.839159550000000536e+02 6.210245999999999711e+00 1.000000000000000000e+00
4.009590000000000209e+00 4.568418999999999563e+00 1.000000000000000000e+00
2.068537354000000050e+03 8.403857000000000355e+00 1.000000000000000000e+00
7.343293459999999868e+02 5.674948999999999799e+00 1.000000000000000000e+00
3.748282999999999809e+00 3.284593000000000096e+00 1.000000000000000000e+00
7.632861000000000118e+00 5.590647999999999840e+00 1.000000000000000000e+00
4.581190999999999569e+00 6.703712000000000337e+00 1.000000000000000000e+00
9.914866999999999209e+00 3.336215000000000153e+00 1.000000000000000000e+00
1.149173599999999951e+01 3.944465000000000110e+00 1.000000000000000000e+00
8.907724999999999227e+00 1.984763000000000055e+00 1.000000000000000000e+00
9.461266000000000176e+00 2.632582000000000200e+00 1.000000000000000000e+00
1.656679321000000073e+03 6.760785000000000267e+00 1.000000000000000000e+00
5.460618000000000194e+00 2.008268999999999860e+00 1.000000000000000000e+00
4.508327899999999744e+01 9.156220000000000470e-01 1.000000000000000000e+00
9.304829710000000205e+02 5.227329000000000114e+00 1.000000000000000000e+00
5.605811000000000099e+00 5.029316999999999815e+00 1.000000000000000000e+00
5.386464000000000141e+00 5.528157000000000210e+00 1.000000000000000000e+00
9.242922969999999623e+02 5.736644000000000077e+00 1.000000000000000000e+00
2.328483200000000153e+01 1.664659000000000111e+00 1.000000000000000000e+00
3.284386000000000028e+00 6.125816000000000372e+00 1.000000000000000000e+00
4.601374999999999993e+00 5.530479999999999841e-01 1.000000000000000000e+00
5.515011999999999581e+00 3.557882000000000211e+00 1.000000000000000000e+00
1.061479340000000064e+02 3.430416999999999828e+00 1.000000000000000000e+00
2.235679470000000038e+02 4.635786999999999658e+00 1.000000000000000000e+00
5.464530029999999670e+02 3.777594000000000118e+00 1.000000000000000000e+00
8.436396000000000228e+00 3.272295999999999871e+00 1.000000000000000000e+00
7.641575319999999465e+02 5.896073999999999593e+00 1.000000000000000000e+00
4.801797999999999789e+00 3.389419000000000182e+00 1.000000000000000000e+00
8.499108889999999974e+02 5.086847999999999814e+00 1.000000000000000000e+00
3.899116999999999944e+00 3.810366999999999837e+00 1.000000000000000000e+00
2.245512000000000175e+00 4.668295999999999779e+00 1.000000000000000000e+00
6.619957999999999565e+00 4.814945999999999948e+00 1.000000000000000000e+00
1.655148619999999937e+02 2.267060999999999993e+00 1.000000000000000000e+00
7.610057000000000293e+00 1.667337000000000069e+00 1.000000000000000000e+00
4.110377199999999789e+02 5.423473999999999684e+00 1.000000000000000000e+00
6.519455999999999918e+00 6.952709999999999724e-01 1.000000000000000000e+00
1.003767456000000038e+03 6.051301999999999737e+00 1.000000000000000000e+00
5.629433800000000332e+01 1.276083999999999996e+00 1.000000000000000000e+00
1.405907349000000067e+03 6.249633000000000216e+00 1.000000000000000000e+00
8.913817999999999131e+00 4.217557000000000222e+00 1.000000000000000000e+00
