4.862590329999999881e+02 5.653096999999999817e+00 1.000000000000000000e+00
6.194145999999999930e+00 3.964564999999999895e+00 1.000000000000000000e+00
5.445249629999999570e+02 3.386299999999999866e+00 1.000000000000000000e+00
1.286260990000000106e+02 2.236120999999999803e+00 1.000000000000000000e+00
7.133045039999999517e+02 5.085842999999999670e+00 1.000000000000000000e+00
4.848413390000000049e+02 6.525122999999999784e+00 1.000000000000000000e+00
9.163494999999999280e+00 5.588683999999999763e+00 1.000000000000000000e+00
6.756777999999999729e+00 7.213307999999999609e+00 1.000000000000000000e+00
2.790865170000000148e+02 4.080821000000000254e+00 1.000000000000000000e+00
6.267839999999999634e+00 3.270199999999999996e+00 1.000000000000000000e+00
3.279701415999999881e+03 6.927196999999999605e+00 1.000000000000000000e+00
2.510268859999999904e+02 2.850176999999999961e+00 1.000000000000000000e+00
5.259407999999999639e+00 5.738628000000000284e+00 1.000000000000000000e+00
1.215952399999999933e+01 2.063047000000000075e+00 1.000000000000000000e+00
9.089703000000000088e+00 6.827917000000000236e+00 1.000000000000000000e+00
6.269083000000000183e+00 2.470350999999999964e+00 1.000000000000000000e+00
4.406589000000000311e+00 5.157004999999999839e+00 1.000000000000000000e+00
6.353362999999999872e+00 2.254481000000000179e+00 1.000000000000000000e+00
2.512808999999999848e+00 3.366805999999999965e+00 1.000000000000000000e+00
6.779227290000000039e+02 4.661018999999999579e+00 1.000000000000000000e+00
8.989338000000000051e+00 3.592578000000000049e+00 1.000000000000000000e+00
8.276927490000000489e+02 5.311590999999999951e+00 1.000000000000000000e+00
2.271786960000000022e+02 5.373675000000000423e+00 1.000000000000000000e+00
6.519455999999999918e+00 6.952709999999999724e-01 1.000000000000000000e+00
1.802083008000000063e+03 6.691538000000000430e+00 1.000000000000000000e+00
5.654297490000000153e+02 4.578335000000000043e+00 1.000000000000000000e+00
7.452519999999999811e+00 3.979553000000000118e+00 1.000000000000000000e+00
9.791992999999999725e+00 5.600785000000000124e+00 1.000000000000000000e+00
0.000000000000000000e+00 0.000000000000000000e+00 1.000000000000000000e+00
2.189258545000000140e+03 9.482250999999999763e+00 1.000000000000000000e+00
7.112972000000000072e+00 1.077191000000000010e+00 1.000000000000000000e+00
6.919729000000000241e+00 9.091749999999999554e-01 1.000000000000000000e+00
6.945321040000000039e+02 6.321915999999999869e+00 1.000000000000000000e+00
1.575884033000000045e+03 6.459952000000000361e+00 1.000000000000000000e+00
6.605723000000000233e+00 1.679341999999999890e+00 1.000000000000000000e+00
5.526048000000000293e+00 5.439352999999999660e+00 1.000000000000000000e+00
7.723610230000000456e+02 6.384741000000000000e+00 1.000000000000000000e+00
8.250424999999999898e+00 2.746265000000000178e+00 1.000000000000000000e+00
5.182835999999999999e+00 2.724860000000000060e+00 1.000000000000000000e+00
5.004900000000000126e+00 1.688242999999999938e+00 1.000000000000000000e+00
1.458942992999999888e+03 5.608572999999999809e+00 1.000000000000000000e+00
1.903540000000000010e+00 4.931159000000000070e+00 1.000000000000000000e+00
7.351758000000000237e+00 2.737943000000000016e+00 1.000000000000000000e+00
2.292564209000000119e+03 8.175827999999999207e+00 1.000000000000000000e+00
6.986555789999999888e+02 6.112808000000000241e+00 1.000000000000000000e+00
8.892711000000000254e+00 4.753504000000000396e+00 1.000000000000000000e+00
1.045437012000000095e+03 6.242119999999999891e+00 1.000000000000000000e+00
4.394192999999999572e+00 2.032017000000000184e+00 1.000000000000000000e+00
1.805912231000000020e+03 7.386733999999999689e+00 1.000000000000000000e+00
6.714088000000000278e+00 3.862992999999999899e+00 1.000000000000000000e+00
6.479119869999999537e+02 6.730648999999999660e+00 1.000000000000000000e+00
8.151958000000000482e+00 2.562415999999999805e+00 1.000000000000000000e+00
1.017128478999999970e+03 6.609766999999999726e+00 1.000000000000000000e+00
5.601695000000000313e+00 4.501437000000000133e+00 1.000000000000000000e+00
5.444578860000000304e+02 4.004124000000000017e+00 1.000000000000000000e+00
5.752759000000000178e+00 2.150328000000000017e+00 1.000000000000000000e+00
1.808105000000000073e+00 4.744708000000000148e+00 1.000000000000000000e+00
6.255715999999999610e+00 3.724110000000000031e+00 1.000000000000000000e+00
5.693071999999999910e+00 5.746437000000000239e+00 1.000000000000000000e+00
1.494967800000000011e+02 3.351984999999999992e+00 1.000000000000000000e+00
7.236440430000000106e+02 5.753365999999999758e+00 1.000000000000000000e+00
6.562763999999999598e+00 2.423261000000000109e+00 1.000000000000000000e+00
8.659497000000000000e+00 3.315112000000000059e+00 1.000000000000000000e+00
3.855372310000000198e+02 5.123226999999999975e+00 1.000000000000000000e+00
9.312487000000000847e+00 5.359405999999999892e+00 1.000000000000000000e+00
1.778433199999999914e+01 3.781171000000000060e+00 1.000000000000000000e+00
1.333508544999999913e+03 5.375494999999999912e+00 1.000000000000000000e+00
8.194131000000000498e+00 8.383561999999999514e+00 1.000000000000000000e+00
3.986575000000000202e+00 2.629230999999999874e+00 1.000000000000000000e+00
7.489782099999999900e+02 5.619239000000000317e+00 1.000000000000000000e+00
3.444302059999999983e+02 5.060484999999999900e+00 1.000000000000000000e+00
6.148953999999999809e+00 4.515366000000000213e+00 1.000000000000000000e+00
6.151594000000000229e+00 7.186850000000000183e-01 1.000000000000000000e+00
3.728509220000000255e+02 6.027537999999999840e+00 1.000000000000000000e+00
8.177410889999999881e+02 5.376564000000000121e+00 1.000000000000000000e+00
5.847233889999999974e+02 5.729135000000000311e+00 1.000000000000000000e+00
8.361497999999999209e+00 3.739234000000000169e+00 1.000000000000000000e+00
4.535688999999999638e+00 3.287042000000000019e+00 1.000000000000000000e+00
1.825179687999999942e+03 3.343034999999999979e+00 1.000000000000000000e+00
8.001521000000000328e+00 5.035091999999999679e+00 1.000000000000000000e+00
1.500636962999999923e+03 6.219486999999999988e+00 1.000000000000000000e+00
2.284194999999999975e+00 6.985853999999999786e+00 1.000000000000000000e+00
3.268694150000000036e+02 3.093882999999999939e+00 1.000000000000000000e+00
3.092672729999999888e+02 2.962492999999999821e+00 1.000000000000000000e+00
4.419176000000000215e+00 4.972668999999999784e+00 1.000000000000000000e+00
2.884649959999999851e+02 4.564315999999999818e+00 1.000000000000000000e+00
4.429902000000000228e+00 7.390648999999999802e+00 1.000000000000000000e+00
5.038025210000000129e+02 4.243605999999999767e+00 1.000000000000000000e+00
7.575597000000000136e+00 6.799153999999999698e+00 1.000000000000000000e+00
6.263016000000000361e+00 3.477434000000000136e+00 1.000000000000000000e+00
8.814163210000000390e+02 5.438054000000000165e+00 1.000000000000000000e+00
4.314905400000000100e+02 5.378409999999999691e+00 1.000000000000000000e+00
8.563102700000000311e+01 7.855060000000000375e-01 1.000000000000000000e+00
-3.000000000000000076e-06 4.613419999999999632e+00 1.000000000000000000e+00
1.257347200000000065e+01 3.064653999999999989e+00 1.000000000000000000e+00
1.268126952999999958e+03 7.072157999999999944e+00 1.000000000000000000e+00
6.836336000000000190e+00 4.505626999999999605e+00 1.000000000000000000e+00
6.673149999999999693e+00 5.899322999999999873e+00 1.000000000000000000e+00
4.955638999999999683e+00 4.491124000000000116e+00 1.000000000000000000e+00
6.130359000000000336e+00 6.095227999999999646e+00 1.000000000000000000e+00
1.628601807000000008e+03 6.281981000000000037e+00 1.000000000000000000e+00
4.164907529999999838e+02 5.191863999999999812e+00 1.000000000000000000e+00
8.691442000000000334e+00 3.095280999999999949e+00 1.000000000000000000e+00
1.505052599999999963e+01 4.236102999999999952e+00 1.000000000000000000e+00
9.120830690000000232e+02 6.107296999999999976e+00 1.000000000000000000e+00
1.249074096999999938e+03 7.526949000000000112e+00 1.000000000000000000e+00
6.261998290000000225e+02 4.190304000000000251e+00 1.000000000000000000e+00
3.749649999999999928e+00 1.741117999999999943e+00 1.000000000000000000e+00
7.664889999999999759e+00 4.292212000000000138e+00 1.000000000000000000e+00
7.947413000000000061e+00 1.979071000000000025e+00 1.000000000000000000e+00
7.591450000000000031e+00 1.350975000000000037e+00 1.000000000000000000e+00
4.628658999999999857e+00 5.191050999999999860e+00 1.000000000000000000e+00
2.526408839999999998e+02 3.909597999999999907e+00 1.000000000000000000e+00
7.001577000000000162e+00 1.392117999999999967e+00 1.000000000000000000e+00
1.007424800000000076e+01 2.311793999999999905e+00 1.000000000000000000e+00
5.824475999999999765e+00 7.363129999999999953e-01 1.000000000000000000e+00
9.017713000000000534e+00 5.585905999999999594e+00 1.000000000000000000e+00
4.853517000000000081e+00 1.257843000000000044e+00 1.000000000000000000e+00
5.641585690000000568e+02 4.602769000000000332e+00 1.000000000000000000e+00
2.903895019999999931e+03 7.148849000000000231e+00 1.000000000000000000e+00
1.237675499999999928e+01 1.835293000000000063e+00 1.000000000000000000e+00
6.486172999999999966e+00 3.580726999999999993e+00 1.000000000000000000e+00
3.143441999999999847e+00 2.206192000000000153e+00 1.000000000000000000e+00
6.021732000000000085e+00 4.350449000000000233e+00 1.000000000000000000e+00
3.422543999999999809e+00 1.460863999999999940e+00 1.000000000000000000e+00
1.080803399999999925e+01 5.889249000000000400e+00 1.000000000000000000e+00
5.341479999999999784e+00 2.900399000000000171e+00 1.000000000000000000e+00
5.543587999999999738e+00 4.511391999999999847e+00 1.000000000000000000e+00
8.386409000000000447e+00 6.774680000000000035e+00 1.000000000000000000e+00
4.284666750000000093e+02 4.521092999999999584e+00 1.000000000000000000e+00
0.000000000000000000e+00 0.000000000000000000e+00 1.000000000000000000e+00
2.459060000000000024e+00 4.260248999999999953e+00 1.000000000000000000e+00
6.014664309999999432e+02 4.582879000000000147e+00 1.000000000000000000e+00
3.022969059999999786e+02 3.452205000000000190e+00 1.000000000000000000e+00
6.429352999999999874e+00 6.330059999999999576e+00 1.000000000000000000e+00
1.008394591999999989e+03 5.296553000000000289e+00 1.000000000000000000e+00
2.361474300000000142e+02 4.467677000000000120e+00 1.000000000000000000e+00
9.207376000000000005e+00 4.570985000000000298e+00 1.000000000000000000e+00
1.012989319000000023e+03 4.907939999999999969e+00 1.000000000000000000e+00
3.252047420000000102e+02 4.220691999999999666e+00 1.000000000000000000e+00
5.557589000000000112e+00 1.471769000000000105e+00 1.000000000000000000e+00
7.311437999999999882e+00 2.305562000000000111e+00 1.000000000000000000e+00
3.562749099999999913e+01 1.025579999999999936e+00 1.000000000000000000e+00
1.027628400000000042e+01 9.789080000000000004e-01 1.000000000000000000e+00
1.517175414999999930e+03 5.768585999999999991e+00 1.000000000000000000e+00
6.054560999999999638e+00 5.130239000000000438e+00 1.000000000000000000e+00
6.425773000000000401e+00 4.338466000000000378e+00 1.000000000000000000e+00
1.024057200000000023e+01 3.947862999999999900e+00 1.000000000000000000e+00
8.160171000000000063e+00 2.965421000000000085e+00 1.000000000000000000e+00
5.276338500000000522e+02 4.933378000000000263e+00 1.000000000000000000e+00
1.116354829999999936e+02 2.361428000000000083e+00 1.000000000000000000e+00
5.564951780000000099e+02 4.231065000000000076e+00 1.000000000000000000e+00
5.921763000000000332e+00 4.353396000000000043e+00 1.000000000000000000e+00
1.443519287000000077e+03 5.594459999999999766e+00 1.000000000000000000e+00
5.322700200000000450e+02 4.632736999999999661e+00 1.000000000000000000e+00
5.498594999999999899e+00 5.412672999999999845e+00 1.000000000000000000e+00
4.939045699999999783e+01 5.269441999999999737e+00 1.000000000000000000e+00
7.987517000000000422e+00 4.858414999999999928e+00 1.000000000000000000e+00
8.035396000000000427e+00 1.243856999999999990e+00 1.000000000000000000e+00
2.287482999999999933e+00 5.406183999999999656e+00 1.000000000000000000e+00
4.822102970000000255e+02 3.207186000000000092e+00 1.000000000000000000e+00
7.421947629999999663e+02 5.762354000000000198e+00 1.000000000000000000e+00
4.042669000000000068e+00 2.989946000000000215e+00 1.000000000000000000e+00
6.355901000000000245e+00 6.862597000000000058e+00 1.000000000000000000e+00
2.858963319999999726e+02 4.591060999999999837e+00 1.000000000000000000e+00
2.312117000000000075e+02 2.788098999999999883e+00 1.000000000000000000e+00
1.441804564999999911e+03 8.285835999999999757e+00 1.000000000000000000e+00
6.065917970000000423e+02 4.232116999999999685e+00 1.000000000000000000e+00
4.070595089999999914e+02 4.219414000000000442e+00 1.000000000000000000e+00
9.077317000000000746e+00 3.484518000000000004e+00 1.000000000000000000e+00
6.738785000000000025e+00 4.181915000000000049e+00 1.000000000000000000e+00
3.077392000000000127e+00 5.334578999999999738e+00 1.000000000000000000e+00
6.522420000000000329e+00 3.890179999999999971e+00 1.000000000000000000e+00
5.657743530000000192e+02 4.333751000000000353e+00 1.000000000000000000e+00
7.092053829999999834e+02 7.361794999999999867e+00 1.000000000000000000e+00
6.540206910000000562e+02 5.425786999999999694e+00 1.000000000000000000e+00
9.243189999999999884e+01 1.758407000000000053e+00 1.000000000000000000e+00
2.876831999999999834e+00 4.141236000000000139e+00 1.000000000000000000e+00
9.424953000000000358e+00 4.512437000000000253e+00 1.000000000000000000e+00
5.207639000000000351e+00 1.194180999999999937e+00 1.000000000000000000e+00
5.915173340000000053e+02 3.540528999999999815e+00 1.000000000000000000e+00
7.768608000000000402e+00 1.339833999999999969e+00 1.000000000000000000e+00
1.218034668000000011e+03 5.749449000000000254e+00 1.000000000000000000e+00
7.400014999999999787e+00 2.865953999999999890e+00 1.000000000000000000e+00
8.966530999999999807e+00 1.623472000000000026e+00 1.000000000000000000e+00
8.263476999999999961e+00 2.269032000000000160e+00 1.000000000000000000e+00
1.036853499999999961e+01 5.373027999999999693e+00 1.000000000000000000e+00
5.066188999999999609e+00 3.685278999999999971e+00 1.000000000000000000e+00
5.137601319999999987e+02 4.875022999999999662e+00 1.000000000000000000e+00
1.849924682999999959e+03 6.083776000000000295e+00 1.000000000000000000e+00
6.048491000000000284e+00 3.440895999999999955e+00 1.000000000000000000e+00
4.579710000000000392e+00 4.966590000000000060e+00 1.000000000000000000e+00
5.955497000000000263e+00 2.225890000000000146e+00 1.000000000000000000e+00
3.459064329999999927e+02 4.519642000000000159e+00 1.000000000000000000e+00
5.843003000000000391e+00 1.053876999999999953e+00 1.000000000000000000e+00
4.263207000000000413e+00 7.127964999999999662e+00 1.000000000000000000e+00
3.632498000000000005e+00 2.872720000000000162e+00 1.000000000000000000e+00
9.921692000000000178e+00 2.553825999999999929e+00 1.000000000000000000e+00
5.964566999999999730e+00 3.998552999999999802e+00 1.000000000000000000e+00
1.252882390000000044e+02 4.560061000000000142e+00 1.000000000000000000e+00
1.330078490999999985e+03 5.694116000000000177e+00 1.000000000000000000e+00
9.616125000000000256e+00 1.060529999999999973e+00 1.000000000000000000e+00
8.700188999999999950e+00 3.804390999999999856e+00 1.000000000000000000e+00
1.208096802000000025e+03 5.597717000000000276e+00 1.000000000000000000e+00
9.882379999999999498e+00 1.260704999999999965e+00 1.000000000000000000e+00
7.143487999999999616e+00 7.319319000000000131e+00 1.000000000000000000e+00
1.020537999999999990e+01 3.250474999999999781e+00 1.000000000000000000e+00
4.990482180000000199e+02 4.751005000000000145e+00 1.000000000000000000e+00
1.024211700000000036e+01 4.847178999999999682e+00 1.000000000000000000e+00
3.211165470000000255e+02 5.762697000000000180e+00 1.000000000000000000e+00
1.103472289999999930e+03 6.127852999999999994e+00 1.000000000000000000e+00
1.796173299999999884e+01 4.364813999999999972e+00 1.000000000000000000e+00
5.417128300000000536e+02 4.263486000000000331e+00 1.000000000000000000e+00
2.843938289999999824e+02 3.277582000000000217e+00 1.000000000000000000e+00
6.414338989999999967e+02 5.822735999999999912e+00 1.000000000000000000e+00
1.448594849000000067e+03 6.056877000000000066e+00 1.000000000000000000e+00
5.766532999999999909e+00 2.094434000000000129e+00 1.000000000000000000e+00
5.616880000000000095e+00 3.788126000000000104e+00 1.000000000000000000e+00
1.687968384000000015e+03 6.290485999999999578e+00 1.000000000000000000e+00
3.552526999999999990e+00 6.422998999999999903e+00 1.000000000000000000e+00
3.122488525000000209e+03 6.660091000000000427e+00 1.000000000000000000e+00
3.986108999999999902e+00 5.559383999999999659e+00 1.000000000000000000e+00
9.638811499999999910e+01 8.864459999999999562e-01 1.000000000000000000e+00
6.561716999999999800e+00 3.389419000000000182e+00 1.000000000000000000e+00
1.548023220000000038e+02 5.667137000000000313e+00 1.000000000000000000e+00
2.567740000000000133e+00 3.671110999999999791e+00 1.000000000000000000e+00
5.063189000000000384e+00 2.659781000000000173e+00 1.000000000000000000e+00
4.084992999999999874e+00 1.139947999999999961e+00 1.000000000000000000e+00
7.740347900000000436e+02 5.115312000000000303e+00 1.000000000000000000e+00
6.598988650000000007e+02 6.332249000000000017e+00 1.000000000000000000e+00
3.100674440000000232e+02 4.602608000000000033e+00 1.000000000000000000e+00
9.590431519999999637e+02 6.278634000000000270e+00 1.000000000000000000e+00
9.998808999999999614e+00 5.875782000000000060e+00 1.000000000000000000e+00
8.494040999999999286e+00 1.061897000000000091e+00 1.000000000000000000e+00
6.681930999999999621e+00 4.649003999999999692e+00 1.000000000000000000e+00
1.548023220000000038e+02 5.667137000000000313e+00 1.000000000000000000e+00
3.408512269999999944e+02 4.262898999999999994e+00 1.000000000000000000e+00
8.368221000000000132e+00 3.014781999999999851e+00 1.000000000000000000e+00
9.627045999999999992e+00 4.797372000000000192e+00 1.000000000000000000e+00
4.066825999999999830e+00 8.227427999999999741e+00 1.000000000000000000e+00
6.334814999999999863e+00 1.973489000000000049e+00 1.000000000000000000e+00
1.690207369999999969e+02 4.168439000000000227e+00 1.000000000000000000e+00
3.143235999999999919e+00 3.359871000000000052e+00 1.000000000000000000e+00
7.007701419999999644e+02 4.979261000000000159e+00 1.000000000000000000e+00
2.192643429999999967e+02 3.620198999999999945e+00 1.000000000000000000e+00
4.992360530000000267e+02 6.490389999999999660e+00 1.000000000000000000e+00
2.006341859999999997e+02 2.204146999999999856e+00 1.000000000000000000e+00
2.425882999999999790e+00 4.805755999999999695e+00 1.000000000000000000e+00
4.039933999999999692e+00 3.564528999999999836e+00 1.000000000000000000e+00
3.967947000000000113e+00 2.473043000000000102e+00 1.000000000000000000e+00
1.515237182999999959e+03 7.464763999999999733e+00 1.000000000000000000e+00
9.791992999999999725e+00 5.600785000000000124e+00 1.000000000000000000e+00
6.945157000000000025e+00 6.497650000000000370e-01 1.000000000000000000e+00
9.262844099999999514e+01 2.844819000000000209e+00 1.000000000000000000e+00
6.264526000000000039e+00 3.176454999999999806e+00 1.000000000000000000e+00
2.981365359999999782e+02 4.055585999999999913e+00 1.000000000000000000e+00
9.846746100000000013e+01 1.442874999999999908e+00 1.000000000000000000e+00
6.799909999999999677e+00 6.058991999999999933e+00 1.000000000000000000e+00
3.750010000000000066e+00 8.267785999999999191e+00 1.000000000000000000e+00
5.484244999999999592e+00 5.453383999999999787e+00 1.000000000000000000e+00
1.718782226999999921e+03 7.740452000000000332e+00 1.000000000000000000e+00
5.447039000000000186e+00 1.463996000000000075e+00 1.000000000000000000e+00
3.373764949999999772e+02 2.469300000000000050e+00 1.000000000000000000e+00
1.355321533000000045e+03 5.122474999999999667e+00 1.000000000000000000e+00
4.543745000000000367e+00 3.711949000000000165e+00 1.000000000000000000e+00
6.525636600000000271e+02 4.625357000000000163e+00 1.000000000000000000e+00
8.013023000000000451e+00 3.173165000000000013e+00 1.000000000000000000e+00
1.709110228999999890e+03 8.442655000000000243e+00 1.000000000000000000e+00
6.344827999999999690e+00 3.853647000000000045e+00 1.000000000000000000e+00
2.722726999999999897e+00 4.421546000000000198e+00 1.000000000000000000e+00
5.658295999999999992e+00 6.679490000000000371e+00 1.000000000000000000e+00
5.146141000000000076e+00 4.754278000000000226e+00 1.000000000000000000e+00
2.213506999999999891e+00 5.176083000000000212e+00 1.000000000000000000e+00
4.484887999999999764e+00 4.580816999999999695e+00 1.000000000000000000e+00
1.727994750999999951e+03 7.032274000000000136e+00 1.000000000000000000e+00
8.240306999999999604e+00 3.128929999999999989e+00 1.000000000000000000e+00
5.028273000000000437e+00 9.735489999999999977e-01 1.000000000000000000e+00
6.430304999999999715e+00 5.415090000000000181e+00 1.000000000000000000e+00
6.698339999999999961e+00 2.104070000000000107e+00 1.000000000000000000e+00
3.667636962999999923e+03 6.909224000000000032e+00 1.000000000000000000e+00
7.550057999999999936e+00 5.470423000000000258e+00 1.000000000000000000e+00
9.104107000000000838e+00 5.079786000000000357e+00 1.000000000000000000e+00
4.800183999999999784e+00 7.371303000000000161e+00 1.000000000000000000e+00
3.597719727000000148e+03 8.753235999999999351e+00 1.000000000000000000e+00
1.547325194999999894e+03 6.575974999999999682e+00 1.000000000000000000e+00
8.136616000000000071e+00 6.032136000000000386e+00 1.000000000000000000e+00
7.480617680000000291e+02 5.312662000000000440e+00 1.000000000000000000e+00
2.088668099999999939e+01 3.082160000000000011e+00 1.000000000000000000e+00
6.698417000000000066e+00 4.172149000000000107e+00 1.000000000000000000e+00
9.396260989999999538e+02 6.162417999999999729e+00 1.000000000000000000e+00
1.025009919999999966e+02 2.312788999999999984e+00 1.000000000000000000e+00
3.131094727000000148e+03 8.614525000000000432e+00 1.000000000000000000e+00
2.479365000000000041e+00 4.370217000000000240e+00 1.000000000000000000e+00
3.021879639000000225e+03 8.324818000000000495e+00 1.000000000000000000e+00
2.458979950000000088e+02 2.150933999999999902e+00 1.000000000000000000e+00
1.346391799999999961e+01 3.808441999999999883e+00 1.000000000000000000e+00
7.647662000000000404e+00 3.290947000000000067e+00 1.000000000000000000e+00
1.353616399999999942e+01 3.295100000000000140e+00 1.000000000000000000e+00
5.466605220000000145e+02 7.726975000000000371e+00 1.000000000000000000e+00
9.093735999999999819e+00 1.207206999999999919e+00 1.000000000000000000e+00
3.530147704999999860e+03 6.505732000000000070e+00 1.000000000000000000e+00
3.602057189999999878e+02 4.218804000000000443e+00 1.000000000000000000e+00
5.248560790000000225e+02 4.066055000000000419e+00 1.000000000000000000e+00
3.649789119999999798e+02 3.834020000000000206e+00 1.000000000000000000e+00
2.634188229999999749e+02 3.339748999999999857e+00 1.000000000000000000e+00
1.468947299999999956e+01 3.129553000000000029e+00 1.000000000000000000e+00
1.111083449999999999e+02 2.901206000000000174e+00 1.000000000000000000e+00
4.907580000000000275e+00 4.669437000000000282e+00 1.000000000000000000e+00
7.719485500000000400e+01 2.219221000000000110e+00 1.000000000000000000e+00
8.309118039999999610e+02 4.816832999999999920e+00 1.000000000000000000e+00
3.947395940000000110e+02 5.313521999999999856e+00 1.000000000000000000e+00
6.828289999999999971e+00 2.289273999999999809e+00 1.000000000000000000e+00
5.383798999999999779e+00 4.646063999999999972e+00 1.000000000000000000e+00
6.827840579999999591e+02 5.605716000000000143e+00 1.000000000000000000e+00
2.183429442999999992e+03 6.768657000000000146e+00 1.000000000000000000e+00
7.164825999999999695e+00 4.957220000000000404e+00 1.000000000000000000e+00
8.993950999999999141e+00 3.913088999999999817e+00 1.000000000000000000e+00
7.620715999999999823e+00 4.075588999999999906e+00 1.000000000000000000e+00
6.996480709999999590e+02 6.422347000000000250e+00 1.000000000000000000e+00
1.825545166000000108e+03 6.505016000000000354e+00 1.000000000000000000e+00
1.678318200000000004e+01 3.358515000000000139e+00 1.000000000000000000e+00
9.489337000000000799e+00 6.175095999999999918e+00 1.000000000000000000e+00
7.525862429999999677e+02 4.990352999999999817e+00 1.000000000000000000e+00
6.775420000000000442e+00 5.897078999999999738e+00 1.000000000000000000e+00
3.635736000000000079e+00 2.524826000000000015e+00 1.000000000000000000e+00
6.745828199999999697e+01 3.739546999999999954e+00 1.000000000000000000e+00
8.133812999999999960e+00 3.956440999999999875e+00 1.000000000000000000e+00
6.752996999999999694e+00 3.219672999999999785e+00 1.000000000000000000e+00
9.128469000000000833e+00 5.273652000000000228e+00 1.000000000000000000e+00
3.594695130000000063e+02 5.242064000000000057e+00 1.000000000000000000e+00
9.780670999999999893e+00 1.940612999999999921e+00 1.000000000000000000e+00
4.679951780000000099e+02 7.660402999999999629e+00 1.000000000000000000e+00
1.660396799999999828e+01 3.408224000000000142e+00 1.000000000000000000e+00
5.373656999999999684e+00 5.327367999999999881e+00 1.000000000000000000e+00
5.581451419999999644e+02 4.792353000000000307e+00 1.000000000000000000e+00
6.717882000000000353e+00 1.590762999999999927e+00 1.000000000000000000e+00
8.981915000000000759e+00 3.076201000000000185e+00 1.000000000000000000e+00
1.614416504000000032e+03 5.891835000000000377e+00 1.000000000000000000e+00
4.145851000000000397e+00 7.867054999999999687e+00 1.000000000000000000e+00
5.062514000000000181e+00 2.959664000000000073e+00 1.000000000000000000e+00
7.153145999999999560e+00 4.017168999999999990e+00 1.000000000000000000e+00
6.545532230000000027e+02 4.401286999999999949e+00 1.000000000000000000e+00
1.997217100000000016e+02 5.469808999999999699e+00 1.000000000000000000e+00
7.495087280000000192e+02 5.175025999999999904e+00 1.000000000000000000e+00
5.992232999999999699e+00 2.328752000000000155e+00 1.000000000000000000e+00
7.524288940000000139e+02 4.956379000000000090e+00 1.000000000000000000e+00
7.876789999999999736e+00 2.430673000000000084e+00 1.000000000000000000e+00
7.591543999999999848e+00 3.902063000000000059e+00 1.000000000000000000e+00
7.349422610000000304e+02 4.540840000000000209e+00 1.000000000000000000e+00
1.011411900000000053e+01 4.158278000000000141e+00 1.000000000000000000e+00
5.771302999999999628e+00 6.516784999999999606e+00 1.000000000000000000e+00
2.429110569999999996e+02 3.909755999999999787e+00 1.000000000000000000e+00
1.331808169999999905e+02 3.350938999999999890e+00 1.000000000000000000e+00
7.079106999999999594e+00 4.436110000000000220e+00 1.000000000000000000e+00
7.281787999999999705e+00 3.616185999999999900e+00 1.000000000000000000e+00
2.077633209999999906e+02 7.701379999999999892e-01 1.000000000000000000e+00
5.983470999999999762e+00 4.962321000000000204e+00 1.000000000000000000e+00
1.345521606000000020e+03 7.404501999999999917e+00 1.000000000000000000e+00
1.234546630999999934e+03 6.411906000000000105e+00 1.000000000000000000e+00
5.571760000000000268e+00 2.108648000000000078e+00 1.000000000000000000e+00
1.327473200000000020e+01 4.673583999999999961e+00 1.000000000000000000e+00
8.466357999999999606e+00 1.788478000000000012e+00 1.000000000000000000e+00
6.947955000000000325e+00 5.057559999999999611e+00 1.000000000000000000e+00
8.654420169999999644e+02 6.618771999999999878e+00 1.000000000000000000e+00
6.405184081999999762e+03 7.767470999999999570e+00 1.000000000000000000e+00
8.785392000000000223e+01 1.231632000000000060e+00 1.000000000000000000e+00
7.926078999999999652e+00 2.543388999999999900e+00 1.000000000000000000e+00
1.426904418999999962e+03 7.322949999999999626e+00 1.000000000000000000e+00
0.000000000000000000e+00 0.000000000000000000e+00 1.000000000000000000e+00
1.339405884000000015e+03 5.750792999999999822e+00 1.000000000000000000e+00
7.281218699999999444e+01 1.760369000000000073e+00 1.000000000000000000e+00
5.067224000000000395e+00 4.690350999999999715e+00 1.000000000000000000e+00
1.896174561000000040e+03 8.741338000000000719e+00 1.000000000000000000e+00
2.589057860999999775e+03 7.976916000000000118e+00 1.000000000000000000e+00
5.500153000000000070e+00 6.724639999999999507e-01 1.000000000000000000e+00
5.378086550000000443e+02 3.382721999999999785e+00 1.000000000000000000e+00
2.719160000000000021e+00 6.276300000000000212e-01 1.000000000000000000e+00
8.465873000000000204e+00 4.316798000000000357e+00 1.000000000000000000e+00
6.692936000000000440e+00 6.356554000000000038e+00 1.000000000000000000e+00
8.597289299999999912e+01 1.860273999999999983e+00 1.000000000000000000e+00
6.101099999999999746e+00 2.046752000000000127e+00 1.000000000000000000e+00
2.146531369999999868e+02 6.261020000000000252e+00 1.000000000000000000e+00
1.795650939999999878e+02 2.750262999999999902e+00 1.000000000000000000e+00
2.426125179999999943e+02 3.996828999999999965e+00 1.000000000000000000e+00
5.313085000000000058e+00 2.688175999999999899e+00 1.000000000000000000e+00
1.720431884999999966e+03 7.186453000000000202e+00 1.000000000000000000e+00
8.507564999999999600e+00 1.810346000000000011e+00 1.000000000000000000e+00
9.656144000000000460e+01 2.586749999999999883e+00 1.000000000000000000e+00
5.603271000000000335e+00 6.194658000000000442e+00 1.000000000000000000e+00
1.052641356999999971e+03 7.258402000000000243e+00 1.000000000000000000e+00
8.832832029999999577e+02 5.346053000000000388e+00 1.000000000000000000e+00
7.219887079999999742e+02 7.083255000000000301e+00 1.000000000000000000e+00
8.877651000000000181e+00 2.535131999999999941e+00 1.000000000000000000e+00
6.659957000000000349e+00 4.017458999999999669e+00 1.000000000000000000e+00
5.631572000000000244e+00 3.743332999999999799e+00 1.000000000000000000e+00
3.757584529999999745e+02 4.450294000000000416e+00 1.000000000000000000e+00
3.265302000000000149e+00 8.164099999999999469e+00 1.000000000000000000e+00
0.000000000000000000e+00 0.000000000000000000e+00 1.000000000000000000e+00
8.449514000000000635e+00 1.168212000000000028e+00 1.000000000000000000e+00
1.285610200000000134e+02 6.420670000000000543e-01 1.000000000000000000e+00
5.839084199999999925e+01 5.399062999999999946e+00 1.000000000000000000e+00
6.449556000000000289e+00 4.638895999999999908e+00 1.000000000000000000e+00
4.956622310000000198e+02 3.886836999999999875e+00 1.000000000000000000e+00
1.330602999999999980e+00 6.125351000000000212e+00 1.000000000000000000e+00
4.618725999999999665e+00 1.955999000000000043e+00 1.000000000000000000e+00
3.138388979999999719e+02 4.163405000000000022e+00 1.000000000000000000e+00
7.444537000000000404e+00 1.923386999999999958e+00 1.000000000000000000e+00
3.746051000000000020e+00 5.175754999999999661e+00 1.000000000000000000e+00
6.348923949999999650e+02 6.430668999999999969e+00 1.000000000000000000e+00
7.219053999999999860e+00 5.424312999999999718e+00 1.000000000000000000e+00
1.137595800000000068e+01 3.104286000000000101e+00 1.000000000000000000e+00
6.477763000000000382e+00 1.225565000000000015e+00 1.000000000000000000e+00
7.571280520000000251e+02 5.684542000000000428e+00 1.000000000000000000e+00
6.972633000000000081e+00 5.198697000000000124e+00 1.000000000000000000e+00
3.774752809999999954e+02 4.963624000000000258e+00 1.000000000000000000e+00
9.533262999999999820e+00 6.935889000000000415e+00 1.000000000000000000e+00
1.807291800000000137e+01 9.448370000000000379e-01 1.000000000000000000e+00
9.455942999999999543e+00 5.685222000000000442e+00 1.000000000000000000e+00
6.764368000000000158e+00 1.456766000000000005e+00 1.000000000000000000e+00
1.121706000000000003e+01 3.861305999999999905e+00 1.000000000000000000e+00
5.879184569999999894e+02 4.929560000000000386e+00 1.000000000000000000e+00
5.958828999999999709e+00 9.053849999999999953e-01 1.000000000000000000e+00
7.679314580000000205e+02 6.142356999999999623e+00 1.000000000000000000e+00
6.632562299999999311e+01 1.380635000000000057e+00 1.000000000000000000e+00
4.573172000000000139e+02 5.976283999999999708e+00 1.000000000000000000e+00
3.163180999999999798e+00 2.831408000000000147e+00 1.000000000000000000e+00
7.095163999999999582e+00 3.164518000000000164e+00 1.000000000000000000e+00
1.490747069999999894e+03 6.309331000000000245e+00 1.000000000000000000e+00
3.472132000000000218e+00 6.423326000000000313e+00 1.000000000000000000e+00
1.147964900000000021e+01 5.909644000000000119e+00 1.000000000000000000e+00
7.202208999999999861e+00 9.594460000000000210e-01 1.000000000000000000e+00
4.081751709999999775e+02 5.130428000000000210e+00 1.000000000000000000e+00
2.336471399999999932e+01 5.113447999999999993e+00 1.000000000000000000e+00
6.141083370000000059e+02 5.267549999999999955e+00 1.000000000000000000e+00
5.896360999999999741e+00 3.160665999999999976e+00 1.000000000000000000e+00
9.677526860000000397e+02 5.443990999999999580e+00 1.000000000000000000e+00
5.664234619999999722e+02 7.369377000000000066e+00 1.000000000000000000e+00
7.492568999999999591e+00 8.423617999999999384e+00 1.000000000000000000e+00
7.466930399999999679e+01 4.789233000000000295e+00 1.000000000000000000e+00
9.298771970000000238e+02 7.233217999999999925e+00 1.000000000000000000e+00
1.448312255999999934e+03 4.817822999999999745e+00 1.000000000000000000e+00
6.343213000000000434e+00 3.729982000000000131e+00 1.000000000000000000e+00
6.615999999999999659e+00 4.828972000000000264e+00 1.000000000000000000e+00
6.449556000000000289e+00 4.638895999999999908e+00 1.000000000000000000e+00
8.703065000000000495e+00 6.956541999999999781e+00 1.000000000000000000e+00
6.931903000000000148e+00 5.793727999999999767e+00 1.000000000000000000e+00
1.164853669999999966e+02 1.849367999999999901e+00 1.000000000000000000e+00
3.311854250000000093e+02 4.172051999999999872e+00 1.000000000000000000e+00
2.038378052000000025e+03 8.967556999999999334e+00 1.000000000000000000e+00
8.197300999999999505e+00 5.369708000000000148e+00 1.000000000000000000e+00
5.421926000000000023e+00 7.735210000000000363e+00 1.000000000000000000e+00
5.628346999999999767e+00 3.962973999999999997e+00 1.000000000000000000e+00
4.885798000000000307e+00 7.217521999999999771e+00 1.000000000000000000e+00
6.210285639999999603e+02 5.220994000000000135e+00 1.000000000000000000e+00
1.016541899999999998e+01 4.429929999999999701e+00 1.000000000000000000e+00
5.101806999999999981e+00 6.786558999999999564e+00 1.000000000000000000e+00
7.102116999999999791e+00 4.799634000000000178e+00 1.000000000000000000e+00
3.484516600000000039e+02 5.416663999999999923e+00 1.000000000000000000e+00
3.341346130000000016e+02 4.820202000000000098e+00 1.000000000000000000e+00
2.050052099999999911e+01 1.919297999999999949e+00 1.000000000000000000e+00
8.209991000000000483e+00 4.576191999999999815e+00 1.000000000000000000e+00
5.144989999999999952e+00 8.102551000000000059e+00 1.000000000000000000e+00
3.868075559999999768e+02 3.395931000000000033e+00 1.000000000000000000e+00
9.479654000000000025e+00 2.954604999999999926e+00 1.000000000000000000e+00
5.952480470000000423e+02 7.550056999999999796e+00 1.000000000000000000e+00
5.040881959999999822e+02 4.849902000000000157e+00 1.000000000000000000e+00
2.626365722999999889e+03 8.460720999999999492e+00 1.000000000000000000e+00
3.335714419999999905e+02 6.263030999999999793e+00 1.000000000000000000e+00
9.686016999999999655e+00 3.588162000000000074e+00 1.000000000000000000e+00
2.438407000000000213e+00 3.156225000000000058e+00 1.000000000000000000e+00
1.138198099999999968e+01 3.783139999999999947e+00 1.000000000000000000e+00
2.213237760000000094e+02 3.830572000000000088e+00 1.000000000000000000e+00
3.822570999999999941e+00 3.524824999999999875e+00 1.000000000000000000e+00
1.026050700000000049e+01 4.194003999999999621e+00 1.000000000000000000e+00
9.163494999999999280e+00 5.588683999999999763e+00 1.000000000000000000e+00
1.167740099999999970e+01 4.962477999999999945e+00 1.000000000000000000e+00
1.053645995999999968e+03 5.754348000000000241e+00 1.000000000000000000e+00
2.874250180000000228e+02 4.218168000000000362e+00 1.000000000000000000e+00
9.609433589999999867e+02 4.859770000000000145e+00 1.000000000000000000e+00
1.752714229999999986e+02 4.982268000000000363e+00 1.000000000000000000e+00
9.153636199999999690e+01 1.856219999999999981e+00 1.000000000000000000e+00
4.750422999999999618e+00 1.039209999999999967e+00 1.000000000000000000e+00
7.725083009999999604e+02 6.609328999999999787e+00 1.000000000000000000e+00
2.013330840000000137e+02 2.411624000000000212e+00 1.000000000000000000e+00
1.768070219999999892e+02 5.619857999999999798e+00 1.000000000000000000e+00
5.174342000000000219e+00 1.579237999999999920e+00 1.000000000000000000e+00
5.003264999999999851e+00 6.627531000000000283e+00 1.000000000000000000e+00
6.564152219999999716e+02 5.459603999999999679e+00 1.000000000000000000e+00
1.193032999999999966e+01 5.803473000000000326e+00 1.000000000000000000e+00
1.608873657000000094e+03 6.384884999999999700e+00 1.000000000000000000e+00
5.256198000000000370e+00 5.643752000000000102e+00 1.000000000000000000e+00
7.723076170000000502e+02 4.960630000000000095e+00 1.000000000000000000e+00
2.995188000000000184e+00 6.818250000000000144e-01 1.000000000000000000e+00
7.851155999999999580e+00 3.831576000000000093e+00 1.000000000000000000e+00
6.675614000000000381e+00 5.656943000000000055e+00 1.000000000000000000e+00
1.162313110000000052e+03 6.293280000000000207e+00 1.000000000000000000e+00
2.778894960000000083e+02 2.713169999999999860e+00 1.000000000000000000e+00
1.834486599999999967e+01 1.653993000000000047e+00 1.000000000000000000e+00
1.050953856999999971e+03 7.628118999999999872e+00 1.000000000000000000e+00
3.853416139999999928e+02 6.018836000000000297e+00 1.000000000000000000e+00
5.907324220000000423e+02 4.260191999999999979e+00 1.000000000000000000e+00
1.694509740000000022e+02 2.943867000000000012e+00 1.000000000000000000e+00
8.381889300000000276e+01 1.790726999999999958e+00 1.000000000000000000e+00
1.501600707999999941e+03 6.193379000000000190e+00 1.000000000000000000e+00
5.052755000000000329e+00 1.962436000000000069e+00 1.000000000000000000e+00
1.219962390000000028e+02 1.795663999999999927e+00 1.000000000000000000e+00
4.561594000000000371e+00 3.073392999999999819e+00 1.000000000000000000e+00
1.399035199999999968e+01 3.378499000000000141e+00 1.000000000000000000e+00
7.473826999999999998e+00 3.161439999999999806e+00 1.000000000000000000e+00
9.228177490000000489e+02 6.110458000000000389e+00 1.000000000000000000e+00
7.455508000000000024e+00 2.787833000000000006e+00 1.000000000000000000e+00
1.551930399999999999e+01 3.770312000000000108e+00 1.000000000000000000e+00
2.524068149999999946e+02 4.607331000000000287e+00 1.000000000000000000e+00
2.978874999999999940e+00 3.686170000000000169e+00 1.000000000000000000e+00
8.500524000000000413e+00 2.957094999999999807e+00 1.000000000000000000e+00
1.424813690000000008e+02 1.884600000000000053e+00 1.000000000000000000e+00
2.816015000000000157e+00 7.050441000000000180e+00 1.000000000000000000e+00
1.630153500000000122e+02 2.293298000000000059e+00 1.000000000000000000e+00
7.376463000000000214e+00 6.026998999999999995e+00 1.000000000000000000e+00
8.706611940000000232e+02 5.221588999999999814e+00 1.000000000000000000e+00
8.647005000000000052e+00 5.930780000000000385e+00 1.000000000000000000e+00
5.483272199999999685e+01 5.322633999999999865e+00 1.000000000000000000e+00
3.765196230000000241e+02 2.866026000000000185e+00 1.000000000000000000e+00
5.922317500000000337e+02 4.317184000000000133e+00 1.000000000000000000e+00
6.831787000000000276e+00 6.963310000000000333e-01 1.000000000000000000e+00
6.845969239999999445e+02 4.085855999999999710e+00 1.000000000000000000e+00
1.222627807999999959e+03 3.999500999999999973e+00 1.000000000000000000e+00
6.900858000000000381e+00 3.198385000000000034e+00 1.000000000000000000e+00
4.945654000000000217e+00 4.949741999999999642e+00 1.000000000000000000e+00
3.559969479999999749e+02 4.045002000000000209e+00 1.000000000000000000e+00
5.592760000000000176e+00 2.972809999999999953e+00 1.000000000000000000e+00
0.000000000000000000e+00 0.000000000000000000e+00 1.000000000000000000e+00
9.590802000000000049e+00 8.618415000000000603e+00 1.000000000000000000e+00
1.422660199999999975e+01 2.854394000000000098e+00 1.000000000000000000e+00
5.128544999999999909e+00 2.573396999999999935e+00 1.000000000000000000e+00
6.931903000000000148e+00 5.793727999999999767e+00 1.000000000000000000e+00
1.416886841000000004e+03 5.971432000000000073e+00 1.000000000000000000e+00
7.681023999999999852e+00 3.308473000000000219e+00 1.000000000000000000e+00
1.099620200000000025e+01 4.699952999999999825e+00 1.000000000000000000e+00
5.631557099999999849e+01 3.160988000000000131e+00 1.000000000000000000e+00
8.270746000000000819e+00 3.276828000000000074e+00 1.000000000000000000e+00
3.808757630000000063e+02 5.159324999999999939e+00 1.000000000000000000e+00
5.058975000000000222e+00 1.547395000000000076e+00 1.000000000000000000e+00
5.924037000000000219e+00 4.855336000000000318e+00 1.000000000000000000e+00
4.120662000000000269e+00 2.121950000000000003e+00 1.000000000000000000e+00
6.619862999999999609e+00 5.258237000000000272e+00 1.000000000000000000e+00
6.153980999999999923e+00 1.629766999999999966e+00 1.000000000000000000e+00
1.096366000000000085e+01 2.389337999999999962e+00 1.000000000000000000e+00
7.572172849999999471e+02 5.556536000000000364e+00 1.000000000000000000e+00
1.471532470999999987e+03 6.249315000000000175e+00 1.000000000000000000e+00
6.523035000000000139e+00 1.868195000000000050e+00 1.000000000000000000e+00
3.423100999999999949e+00 2.028116999999999948e+00 1.000000000000000000e+00
4.510525999999999591e+00 2.797366999999999937e+00 1.000000000000000000e+00
8.671597999999999473e+00 4.054002999999999801e+00 1.000000000000000000e+00
1.463427001999999902e+03 7.446901999999999688e+00 1.000000000000000000e+00
1.168665919999999971e+02 1.414366999999999930e+00 1.000000000000000000e+00
7.640702000000000105e+00 4.832640999999999742e+00 1.000000000000000000e+00
1.202459716999999955e+03 5.043300999999999590e+00 1.000000000000000000e+00
6.431801000000000101e+00 3.259107000000000198e+00 1.000000000000000000e+00
7.370274000000000214e+00 2.288076999999999916e+00 1.000000000000000000e+00
8.819247440000000324e+02 5.410357999999999556e+00 1.000000000000000000e+00
4.142562999999999995e+00 2.832472999999999796e+00 1.000000000000000000e+00
1.339168599999999998e+01 1.974696999999999925e+00 1.000000000000000000e+00
1.091364899999999949e+02 2.561859000000000108e+00 1.000000000000000000e+00
1.356607422000000042e+03 6.516117000000000381e+00 1.000000000000000000e+00
1.056323241999999937e+03 6.989932999999999730e+00 1.000000000000000000e+00
8.153513999999999484e+00 5.950315999999999939e+00 1.000000000000000000e+00
5.406024000000000385e+00 3.029662000000000077e+00 1.000000000000000000e+00
4.295729980000000069e+03 1.079373600000000089e+01 1.000000000000000000e+00
1.222899479999999954e+02 5.016766999999999754e+00 1.000000000000000000e+00
2.639788819999999987e+02 2.829241000000000117e+00 1.000000000000000000e+00
9.010562999999999434e+00 4.405128000000000377e+00 1.000000000000000000e+00
6.666877999999999638e+00 4.838091000000000363e+00 1.000000000000000000e+00
4.310305789999999888e+02 3.696410999999999891e+00 1.000000000000000000e+00
2.590510560000000169e+02 4.268582999999999572e+00 1.000000000000000000e+00
4.114592289999999934e+02 3.117321000000000009e+00 1.000000000000000000e+00
6.573370999999999853e+00 2.034476000000000173e+00 1.000000000000000000e+00
4.238150000000000084e+00 1.414973000000000036e+00 1.000000000000000000e+00
9.309526999999999219e+00 3.994254000000000193e+00 1.000000000000000000e+00
5.593027339999999867e+02 3.887487999999999833e+00 1.000000000000000000e+00
1.349539640000000134e+02 2.390026000000000206e+00 1.000000000000000000e+00
3.123746582000000217e+03 7.950007000000000268e+00 1.000000000000000000e+00
6.578897000000000439e+00 3.524081999999999937e+00 1.000000000000000000e+00
2.526408839999999998e+02 3.909597999999999907e+00 1.000000000000000000e+00
8.915321659999999611e+02 5.847936999999999941e+00 1.000000000000000000e+00
1.909486080000000072e+02 3.885542000000000051e+00 1.000000000000000000e+00
1.043390014999999948e+03 6.141708000000000389e+00 1.000000000000000000e+00
7.919280999999999793e+00 3.263956999999999997e+00 1.000000000000000000e+00
9.913266000000000133e+01 2.059229999999999894e+00 1.000000000000000000e+00
2.751664307000000008e+03 8.788456000000000046e+00 1.000000000000000000e+00
7.288644999999999818e+00 5.752144000000000368e+00 1.000000000000000000e+00
1.007237304999999992e+03 6.264675000000000438e+00 1.000000000000000000e+00
9.794855350000000271e+02 4.731514999999999915e+00 1.000000000000000000e+00
6.102274000000000420e+00 4.343960000000000043e+00 1.000000000000000000e+00
1.421109496999999919e+03 4.425832999999999906e+00 1.000000000000000000e+00
9.429143070000000080e+02 7.636979000000000184e+00 1.000000000000000000e+00
3.483192999999999984e+00 2.457524999999999959e+00 1.000000000000000000e+00
1.379357177999999976e+03 6.358755999999999631e+00 1.000000000000000000e+00
2.329010009999999966e+03 9.363851000000000369e+00 1.000000000000000000e+00
4.645585999999999771e+00 2.947010999999999825e+00 1.000000000000000000e+00
1.036815063000000009e+03 5.957733000000000168e+00 1.000000000000000000e+00
6.292977999999999739e+00 2.075502999999999876e+00 1.000000000000000000e+00
7.728551000000000393e+00 4.677482999999999613e+00 1.000000000000000000e+00
8.599365229999999656e+02 7.067342000000000013e+00 1.000000000000000000e+00
7.607257999999999853e+00 5.618274999999999686e+00 1.000000000000000000e+00
1.558955688000000009e+03 4.919088999999999601e+00 1.000000000000000000e+00
8.593032839999999624e+02 5.790189999999999948e+00 1.000000000000000000e+00
7.097510989999999538e+02 4.755278999999999812e+00 1.000000000000000000e+00
1.380950699999999998e+01 6.502182000000000350e+00 1.000000000000000000e+00
7.786241000000000412e+00 3.961167999999999800e+00 1.000000000000000000e+00
1.295558716000000004e+03 6.083352999999999788e+00 1.000000000000000000e+00
1.037264799999999987e+01 2.120112999999999914e+00 1.000000000000000000e+00
3.878004999999999924e+00 1.893650000000000055e+00 1.000000000000000000e+00
5.532629000000000019e+00 1.761352000000000029e+00 1.000000000000000000e+00
3.581148000000000220e+00 7.226345000000000240e+00 1.000000000000000000e+00
2.320476074000000153e+03 8.874129999999999185e+00 1.000000000000000000e+00
1.337652587999999923e+03 5.488790999999999976e+00 1.000000000000000000e+00
1.194517211999999972e+03 4.698803999999999981e+00 1.000000000000000000e+00
6.374805000000000277e+00 5.434764000000000372e+00 1.000000000000000000e+00
8.643086000000000269e+00 3.611019999999999897e+00 1.000000000000000000e+00
5.570428999999999853e+00 5.118773000000000017e+00 1.000000000000000000e+00
1.615610099999999960e+01 1.892719000000000040e+00 1.000000000000000000e+00
6.817336430000000291e+02 4.517267000000000365e+00 1.000000000000000000e+00
5.974353999999999942e+00 4.501539000000000179e+00 1.000000000000000000e+00
1.394217529000000013e+03 6.230845000000000411e+00 1.000000000000000000e+00
9.271853000000000122e+00 6.791604999999999670e+00 1.000000000000000000e+00
9.646625370000000430e+02 7.167811000000000377e+00 1.000000000000000000e+00
1.538544310000000053e+02 4.280454999999999899e+00 1.000000000000000000e+00
7.570922999999999625e+00 3.660226000000000202e+00 1.000000000000000000e+00
1.697042690000000107e+02 2.411424999999999930e+00 1.000000000000000000e+00
1.283310499999999976e+01 3.702325000000000088e+00 1.000000000000000000e+00
8.540363299999999924e+01 7.170119999999999827e-01 1.000000000000000000e+00
1.146446777000000111e+03 7.417289000000000243e+00 1.000000000000000000e+00
8.299585999999999686e+00 3.423760000000000137e+00 1.000000000000000000e+00
3.983407000000000142e+00 8.518590000000000328e-01 1.000000000000000000e+00
5.915173340000000053e+02 3.540528999999999815e+00 1.000000000000000000e+00
4.139638979999999719e+02 5.242634999999999934e+00 1.000000000000000000e+00
6.201959999999999695e+00 7.705999999999999517e-01 1.000000000000000000e+00
6.913051000000000279e+00 5.445966000000000307e+00 1.000000000000000000e+00
1.128808000000000078e+01 2.938584999999999781e+00 1.000000000000000000e+00
7.029697270000000344e+02 5.569677000000000433e+00 1.000000000000000000e+00
3.654453000000000173e+00 2.540808000000000177e+00 1.000000000000000000e+00
8.671652830000000449e+02 6.308660999999999852e+00 1.000000000000000000e+00
5.997345579999999927e+02 5.100157000000000274e+00 1.000000000000000000e+00
6.429911999999999850e+00 5.727781000000000233e+00 1.000000000000000000e+00
2.675016799999999861e+01 4.827033000000000129e+00 1.000000000000000000e+00
5.163906250000000000e+02 5.033145000000000202e+00 1.000000000000000000e+00
7.306526489999999967e+02 5.304676999999999865e+00 1.000000000000000000e+00
9.677526860000000397e+02 5.443990999999999580e+00 1.000000000000000000e+00
1.106768899999999967e+01 3.702573000000000114e+00 1.000000000000000000e+00
1.304643199999999936e+01 2.034710000000000019e+00 1.000000000000000000e+00
1.293244140999999900e+03 6.770175000000000054e+00 1.000000000000000000e+00
1.904724731000000020e+03 8.348637000000000086e+00 1.000000000000000000e+00
6.595303999999999611e+00 4.649956000000000422e+00 1.000000000000000000e+00
3.544951169999999934e+02 3.144998000000000182e+00 1.000000000000000000e+00
5.956273999999999624e+00 3.645341999999999860e+00 1.000000000000000000e+00
2.866956000000000060e+00 7.225629999999999775e+00 1.000000000000000000e+00
5.937160999999999689e+00 1.324508999999999936e+00 1.000000000000000000e+00
4.861646000000000356e+00 3.156998000000000193e+00 1.000000000000000000e+00
5.080667000000000044e+00 2.293512999999999913e+00 1.000000000000000000e+00
6.037003000000000341e+00 4.609658999999999729e+00 1.000000000000000000e+00
5.956513670000000502e+02 5.577347999999999750e+00 1.000000000000000000e+00
1.156542114000000083e+03 5.973783000000000065e+00 1.000000000000000000e+00
4.354269000000000389e+00 4.153367000000000253e+00 1.000000000000000000e+00
4.716744000000000270e+00 9.715759999999999952e-01 1.000000000000000000e+00
6.773896479999999656e+02 4.082689000000000235e+00 1.000000000000000000e+00
4.286860960000000205e+02 3.584680999999999784e+00 1.000000000000000000e+00
1.225871216000000004e+03 6.386117999999999739e+00 1.000000000000000000e+00
3.410227659999999901e+02 6.845293999999999990e+00 1.000000000000000000e+00
8.899314000000000391e+00 3.068996999999999975e+00 1.000000000000000000e+00
4.334889600000000343e+01 1.001417000000000002e+00 1.000000000000000000e+00
9.728926800000000696e+01 1.370789999999999953e+00 1.000000000000000000e+00
1.555493774000000030e+03 6.983960999999999864e+00 1.000000000000000000e+00
1.210091918999999962e+03 7.769854999999999734e+00 1.000000000000000000e+00
6.008099999999999774e+00 3.782920999999999978e+00 1.000000000000000000e+00
9.519002080000000205e+02 7.384583000000000119e+00 1.000000000000000000e+00
8.219461059999999861e+02 4.611857999999999791e+00 1.000000000000000000e+00
5.481152339999999867e+02 5.492402000000000228e+00 1.000000000000000000e+00
8.293282299999999907e+01 2.801718000000000153e+00 1.000000000000000000e+00
5.033203120000000013e+02 4.162897000000000070e+00 1.000000000000000000e+00
3.151105999999999963e+00 2.808451999999999948e+00 1.000000000000000000e+00
1.329390410000000031e+02 3.484048000000000034e+00 1.000000000000000000e+00
4.945805970000000116e+02 3.349075000000000024e+00 1.000000000000000000e+00
2.052317626999999902e+03 7.356888999999999790e+00 1.000000000000000000e+00
1.271338866999999937e+03 5.685143000000000058e+00 1.000000000000000000e+00
8.781298099999999351e+01 3.570320999999999856e+00 1.000000000000000000e+00
9.152862999999999971e+00 4.776272999999999769e+00 1.000000000000000000e+00
